RUNDA 0.
Gracz 1: [8, 11, 10, 12, 2, 6, 9, 14, 13, 11, 4, 6, 10, 10, 4, 3, 14, 7, 10, 3, 2, 5, 12, 7, 14, 8]
Gracz 2: [12, 13, 2, 12, 5, 14, 5, 11, 8, 6, 6, 9, 2, 9, 13, 11, 8, 3, 5, 4, 9, 3, 7, 7, 13, 4]
Na stole:  1. [8], 2. [12]
Wygrał Gracz 2

RUNDA 1.
Gracz 1: [11, 10, 12, 2, 6, 9, 14, 13, 11, 4, 6, 10, 10, 4, 3, 14, 7, 10, 3, 2, 5, 12, 7, 14, 8]
Gracz 2: [13, 2, 12, 5, 14, 5, 11, 8, 6, 6, 9, 2, 9, 13, 11, 8, 3, 5, 4, 9, 3, 7, 7, 13, 4, 8, 12]
Na stole:  1. [11], 2. [13]
Wygrał Gracz 2

RUNDA 2.
Gracz 1: [10, 12, 2, 6, 9, 14, 13, 11, 4, 6, 10, 10, 4, 3, 14, 7, 10, 3, 2, 5, 12, 7, 14, 8]
Gracz 2: [2, 12, 5, 14, 5, 11, 8, 6, 6, 9, 2, 9, 13, 11, 8, 3, 5, 4, 9, 3, 7, 7, 13, 4, 8, 12, 11, 13]
Na stole:  1. [10], 2. [2]
Wygrał Gracz 1

RUNDA 3.
Gracz 1: [12, 2, 6, 9, 14, 13, 11, 4, 6, 10, 10, 4, 3, 14, 7, 10, 3, 2, 5, 12, 7, 14, 8, 10, 2]
Gracz 2: [12, 5, 14, 5, 11, 8, 6, 6, 9, 2, 9, 13, 11, 8, 3, 5, 4, 9, 3, 7, 7, 13, 4, 8, 12, 11, 13]
Na stole:  1. [12], 2. [12]
WOJNA!
Na stole:  1. [12, 2, 6], 2. [12, 5, 14]
Wygrał Gracz 2

RUNDA 4.
Gracz 1: [9, 14, 13, 11, 4, 6, 10, 10, 4, 3, 14, 7, 10, 3, 2, 5, 12, 7, 14, 8, 10, 2]
Gracz 2: [5, 11, 8, 6, 6, 9, 2, 9, 13, 11, 8, 3, 5, 4, 9, 3, 7, 7, 13, 4, 8, 12, 11, 13, 12, 2, 6, 12, 5, 14]
Na stole:  1. [9], 2. [5]
Wygrał Gracz 1

RUNDA 5.
Gracz 1: [14, 13, 11, 4, 6, 10, 10, 4, 3, 14, 7, 10, 3, 2, 5, 12, 7, 14, 8, 10, 2, 9, 5]
Gracz 2: [11, 8, 6, 6, 9, 2, 9, 13, 11, 8, 3, 5, 4, 9, 3, 7, 7, 13, 4, 8, 12, 11, 13, 12, 2, 6, 12, 5, 14]
Na stole:  1. [14], 2. [11]
Wygrał Gracz 1

RUNDA 6.
Gracz 1: [13, 11, 4, 6, 10, 10, 4, 3, 14, 7, 10, 3, 2, 5, 12, 7, 14, 8, 10, 2, 9, 5, 14, 11]
Gracz 2: [8, 6, 6, 9, 2, 9, 13, 11, 8, 3, 5, 4, 9, 3, 7, 7, 13, 4, 8, 12, 11, 13, 12, 2, 6, 12, 5, 14]
Na stole:  1. [13], 2. [8]
Wygrał Gracz 1

RUNDA 7.
Gracz 1: [11, 4, 6, 10, 10, 4, 3, 14, 7, 10, 3, 2, 5, 12, 7, 14, 8, 10, 2, 9, 5, 14, 11, 13, 8]
Gracz 2: [6, 6, 9, 2, 9, 13, 11, 8, 3, 5, 4, 9, 3, 7, 7, 13, 4, 8, 12, 11, 13, 12, 2, 6, 12, 5, 14]
Na stole:  1. [11], 2. [6]
Wygrał Gracz 1

RUNDA 8.
Gracz 1: [4, 6, 10, 10, 4, 3, 14, 7, 10, 3, 2, 5, 12, 7, 14, 8, 10, 2, 9, 5, 14, 11, 13, 8, 11, 6]
Gracz 2: [6, 9, 2, 9, 13, 11, 8, 3, 5, 4, 9, 3, 7, 7, 13, 4, 8, 12, 11, 13, 12, 2, 6, 12, 5, 14]
Na stole:  1. [4], 2. [6]
Wygrał Gracz 2

RUNDA 9.
Gracz 1: [6, 10, 10, 4, 3, 14, 7, 10, 3, 2, 5, 12, 7, 14, 8, 10, 2, 9, 5, 14, 11, 13, 8, 11, 6]
Gracz 2: [9, 2, 9, 13, 11, 8, 3, 5, 4, 9, 3, 7, 7, 13, 4, 8, 12, 11, 13, 12, 2, 6, 12, 5, 14, 4, 6]
Na stole:  1. [6], 2. [9]
Wygrał Gracz 2

tasowanie
RUNDA 10.
Gracz 1: [6, 10, 7, 7, 2, 14, 8, 4, 11, 14, 12, 5, 10, 13, 11, 9, 10, 10, 3, 8, 5, 2, 3, 14]
Gracz 2: [13, 8, 3, 12, 14, 4, 12, 6, 13, 6, 5, 8, 2, 3, 13, 5, 7, 9, 11, 12, 6, 11, 4, 9, 9, 2, 7, 4]
Na stole:  1. [6], 2. [13]
Wygrał Gracz 2

RUNDA 11.
Gracz 1: [10, 7, 7, 2, 14, 8, 4, 11, 14, 12, 5, 10, 13, 11, 9, 10, 10, 3, 8, 5, 2, 3, 14]
Gracz 2: [8, 3, 12, 14, 4, 12, 6, 13, 6, 5, 8, 2, 3, 13, 5, 7, 9, 11, 12, 6, 11, 4, 9, 9, 2, 7, 4, 6, 13]
Na stole:  1. [10], 2. [8]
Wygrał Gracz 1

RUNDA 12.
Gracz 1: [7, 7, 2, 14, 8, 4, 11, 14, 12, 5, 10, 13, 11, 9, 10, 10, 3, 8, 5, 2, 3, 14, 10, 8]
Gracz 2: [3, 12, 14, 4, 12, 6, 13, 6, 5, 8, 2, 3, 13, 5, 7, 9, 11, 12, 6, 11, 4, 9, 9, 2, 7, 4, 6, 13]
Na stole:  1. [7], 2. [3]
Wygrał Gracz 1

RUNDA 13.
Gracz 1: [7, 2, 14, 8, 4, 11, 14, 12, 5, 10, 13, 11, 9, 10, 10, 3, 8, 5, 2, 3, 14, 10, 8, 7, 3]
Gracz 2: [12, 14, 4, 12, 6, 13, 6, 5, 8, 2, 3, 13, 5, 7, 9, 11, 12, 6, 11, 4, 9, 9, 2, 7, 4, 6, 13]
Na stole:  1. [7], 2. [12]
Wygrał Gracz 2

RUNDA 14.
Gracz 1: [2, 14, 8, 4, 11, 14, 12, 5, 10, 13, 11, 9, 10, 10, 3, 8, 5, 2, 3, 14, 10, 8, 7, 3]
Gracz 2: [14, 4, 12, 6, 13, 6, 5, 8, 2, 3, 13, 5, 7, 9, 11, 12, 6, 11, 4, 9, 9, 2, 7, 4, 6, 13, 7, 12]
Na stole:  1. [2], 2. [14]
Wygrał Gracz 2

RUNDA 15.
Gracz 1: [14, 8, 4, 11, 14, 12, 5, 10, 13, 11, 9, 10, 10, 3, 8, 5, 2, 3, 14, 10, 8, 7, 3]
Gracz 2: [4, 12, 6, 13, 6, 5, 8, 2, 3, 13, 5, 7, 9, 11, 12, 6, 11, 4, 9, 9, 2, 7, 4, 6, 13, 7, 12, 2, 14]
Na stole:  1. [14], 2. [4]
Wygrał Gracz 1

RUNDA 16.
Gracz 1: [8, 4, 11, 14, 12, 5, 10, 13, 11, 9, 10, 10, 3, 8, 5, 2, 3, 14, 10, 8, 7, 3, 14, 4]
Gracz 2: [12, 6, 13, 6, 5, 8, 2, 3, 13, 5, 7, 9, 11, 12, 6, 11, 4, 9, 9, 2, 7, 4, 6, 13, 7, 12, 2, 14]
Na stole:  1. [8], 2. [12]
Wygrał Gracz 2

RUNDA 17.
Gracz 1: [4, 11, 14, 12, 5, 10, 13, 11, 9, 10, 10, 3, 8, 5, 2, 3, 14, 10, 8, 7, 3, 14, 4]
Gracz 2: [6, 13, 6, 5, 8, 2, 3, 13, 5, 7, 9, 11, 12, 6, 11, 4, 9, 9, 2, 7, 4, 6, 13, 7, 12, 2, 14, 8, 12]
Na stole:  1. [4], 2. [6]
Wygrał Gracz 2

RUNDA 18.
Gracz 1: [11, 14, 12, 5, 10, 13, 11, 9, 10, 10, 3, 8, 5, 2, 3, 14, 10, 8, 7, 3, 14, 4]
Gracz 2: [13, 6, 5, 8, 2, 3, 13, 5, 7, 9, 11, 12, 6, 11, 4, 9, 9, 2, 7, 4, 6, 13, 7, 12, 2, 14, 8, 12, 4, 6]
Na stole:  1. [11], 2. [13]
Wygrał Gracz 2

RUNDA 19.
Gracz 1: [14, 12, 5, 10, 13, 11, 9, 10, 10, 3, 8, 5, 2, 3, 14, 10, 8, 7, 3, 14, 4]
Gracz 2: [6, 5, 8, 2, 3, 13, 5, 7, 9, 11, 12, 6, 11, 4, 9, 9, 2, 7, 4, 6, 13, 7, 12, 2, 14, 8, 12, 4, 6, 11, 13]
Na stole:  1. [14], 2. [6]
Wygrał Gracz 1

tasowanie
RUNDA 20.
Gracz 1: [8, 5, 14, 5, 7, 8, 3, 9, 4, 14, 10, 14, 3, 3, 10, 13, 6, 11, 10, 10, 2, 12]
Gracz 2: [4, 9, 3, 12, 12, 2, 6, 11, 4, 2, 5, 2, 9, 13, 7, 11, 8, 6, 12, 7, 6, 13, 11, 13, 7, 9, 5, 14, 8, 4]
Na stole:  1. [8], 2. [4]
Wygrał Gracz 1

RUNDA 21.
Gracz 1: [5, 14, 5, 7, 8, 3, 9, 4, 14, 10, 14, 3, 3, 10, 13, 6, 11, 10, 10, 2, 12, 8, 4]
Gracz 2: [9, 3, 12, 12, 2, 6, 11, 4, 2, 5, 2, 9, 13, 7, 11, 8, 6, 12, 7, 6, 13, 11, 13, 7, 9, 5, 14, 8, 4]
Na stole:  1. [5], 2. [9]
Wygrał Gracz 2

RUNDA 22.
Gracz 1: [14, 5, 7, 8, 3, 9, 4, 14, 10, 14, 3, 3, 10, 13, 6, 11, 10, 10, 2, 12, 8, 4]
Gracz 2: [3, 12, 12, 2, 6, 11, 4, 2, 5, 2, 9, 13, 7, 11, 8, 6, 12, 7, 6, 13, 11, 13, 7, 9, 5, 14, 8, 4, 5, 9]
Na stole:  1. [14], 2. [3]
Wygrał Gracz 1

RUNDA 23.
Gracz 1: [5, 7, 8, 3, 9, 4, 14, 10, 14, 3, 3, 10, 13, 6, 11, 10, 10, 2, 12, 8, 4, 14, 3]
Gracz 2: [12, 12, 2, 6, 11, 4, 2, 5, 2, 9, 13, 7, 11, 8, 6, 12, 7, 6, 13, 11, 13, 7, 9, 5, 14, 8, 4, 5, 9]
Na stole:  1. [5], 2. [12]
Wygrał Gracz 2

RUNDA 24.
Gracz 1: [7, 8, 3, 9, 4, 14, 10, 14, 3, 3, 10, 13, 6, 11, 10, 10, 2, 12, 8, 4, 14, 3]
Gracz 2: [12, 2, 6, 11, 4, 2, 5, 2, 9, 13, 7, 11, 8, 6, 12, 7, 6, 13, 11, 13, 7, 9, 5, 14, 8, 4, 5, 9, 5, 12]
Na stole:  1. [7], 2. [12]
Wygrał Gracz 2

RUNDA 25.
Gracz 1: [8, 3, 9, 4, 14, 10, 14, 3, 3, 10, 13, 6, 11, 10, 10, 2, 12, 8, 4, 14, 3]
Gracz 2: [2, 6, 11, 4, 2, 5, 2, 9, 13, 7, 11, 8, 6, 12, 7, 6, 13, 11, 13, 7, 9, 5, 14, 8, 4, 5, 9, 5, 12, 7, 12]
Na stole:  1. [8], 2. [2]
Wygrał Gracz 1

RUNDA 26.
Gracz 1: [3, 9, 4, 14, 10, 14, 3, 3, 10, 13, 6, 11, 10, 10, 2, 12, 8, 4, 14, 3, 8, 2]
Gracz 2: [6, 11, 4, 2, 5, 2, 9, 13, 7, 11, 8, 6, 12, 7, 6, 13, 11, 13, 7, 9, 5, 14, 8, 4, 5, 9, 5, 12, 7, 12]
Na stole:  1. [3], 2. [6]
Wygrał Gracz 2

RUNDA 27.
Gracz 1: [9, 4, 14, 10, 14, 3, 3, 10, 13, 6, 11, 10, 10, 2, 12, 8, 4, 14, 3, 8, 2]
Gracz 2: [11, 4, 2, 5, 2, 9, 13, 7, 11, 8, 6, 12, 7, 6, 13, 11, 13, 7, 9, 5, 14, 8, 4, 5, 9, 5, 12, 7, 12, 3, 6]
Na stole:  1. [9], 2. [11]
Wygrał Gracz 2

RUNDA 28.
Gracz 1: [4, 14, 10, 14, 3, 3, 10, 13, 6, 11, 10, 10, 2, 12, 8, 4, 14, 3, 8, 2]
Gracz 2: [4, 2, 5, 2, 9, 13, 7, 11, 8, 6, 12, 7, 6, 13, 11, 13, 7, 9, 5, 14, 8, 4, 5, 9, 5, 12, 7, 12, 3, 6, 9, 11]
Na stole:  1. [4], 2. [4]
WOJNA!
Na stole:  1. [4, 14, 10], 2. [4, 2, 5]
Wygrał Gracz 1

RUNDA 29.
Gracz 1: [14, 3, 3, 10, 13, 6, 11, 10, 10, 2, 12, 8, 4, 14, 3, 8, 2, 4, 14, 10, 4, 2, 5]
Gracz 2: [2, 9, 13, 7, 11, 8, 6, 12, 7, 6, 13, 11, 13, 7, 9, 5, 14, 8, 4, 5, 9, 5, 12, 7, 12, 3, 6, 9, 11]
Na stole:  1. [14], 2. [2]
Wygrał Gracz 1

tasowanie
RUNDA 30.
Gracz 1: [3, 2, 13, 6, 8, 14, 4, 4, 10, 3, 12, 4, 10, 10, 2, 5, 14, 3, 2, 10, 11, 8, 14, 2]
Gracz 2: [7, 4, 9, 13, 5, 5, 14, 7, 7, 12, 12, 5, 6, 6, 13, 11, 9, 11, 11, 7, 12, 9, 3, 8, 9, 6, 13, 8]
Na stole:  1. [3], 2. [7]
Wygrał Gracz 2

RUNDA 31.
Gracz 1: [2, 13, 6, 8, 14, 4, 4, 10, 3, 12, 4, 10, 10, 2, 5, 14, 3, 2, 10, 11, 8, 14, 2]
Gracz 2: [4, 9, 13, 5, 5, 14, 7, 7, 12, 12, 5, 6, 6, 13, 11, 9, 11, 11, 7, 12, 9, 3, 8, 9, 6, 13, 8, 3, 7]
Na stole:  1. [2], 2. [4]
Wygrał Gracz 2

RUNDA 32.
Gracz 1: [13, 6, 8, 14, 4, 4, 10, 3, 12, 4, 10, 10, 2, 5, 14, 3, 2, 10, 11, 8, 14, 2]
Gracz 2: [9, 13, 5, 5, 14, 7, 7, 12, 12, 5, 6, 6, 13, 11, 9, 11, 11, 7, 12, 9, 3, 8, 9, 6, 13, 8, 3, 7, 2, 4]
Na stole:  1. [13], 2. [9]
Wygrał Gracz 1

RUNDA 33.
Gracz 1: [6, 8, 14, 4, 4, 10, 3, 12, 4, 10, 10, 2, 5, 14, 3, 2, 10, 11, 8, 14, 2, 13, 9]
Gracz 2: [13, 5, 5, 14, 7, 7, 12, 12, 5, 6, 6, 13, 11, 9, 11, 11, 7, 12, 9, 3, 8, 9, 6, 13, 8, 3, 7, 2, 4]
Na stole:  1. [6], 2. [13]
Wygrał Gracz 2

RUNDA 34.
Gracz 1: [8, 14, 4, 4, 10, 3, 12, 4, 10, 10, 2, 5, 14, 3, 2, 10, 11, 8, 14, 2, 13, 9]
Gracz 2: [5, 5, 14, 7, 7, 12, 12, 5, 6, 6, 13, 11, 9, 11, 11, 7, 12, 9, 3, 8, 9, 6, 13, 8, 3, 7, 2, 4, 6, 13]
Na stole:  1. [8], 2. [5]
Wygrał Gracz 1

RUNDA 35.
Gracz 1: [14, 4, 4, 10, 3, 12, 4, 10, 10, 2, 5, 14, 3, 2, 10, 11, 8, 14, 2, 13, 9, 8, 5]
Gracz 2: [5, 14, 7, 7, 12, 12, 5, 6, 6, 13, 11, 9, 11, 11, 7, 12, 9, 3, 8, 9, 6, 13, 8, 3, 7, 2, 4, 6, 13]
Na stole:  1. [14], 2. [5]
Wygrał Gracz 1

RUNDA 36.
Gracz 1: [4, 4, 10, 3, 12, 4, 10, 10, 2, 5, 14, 3, 2, 10, 11, 8, 14, 2, 13, 9, 8, 5, 14, 5]
Gracz 2: [14, 7, 7, 12, 12, 5, 6, 6, 13, 11, 9, 11, 11, 7, 12, 9, 3, 8, 9, 6, 13, 8, 3, 7, 2, 4, 6, 13]
Na stole:  1. [4], 2. [14]
Wygrał Gracz 2

RUNDA 37.
Gracz 1: [4, 10, 3, 12, 4, 10, 10, 2, 5, 14, 3, 2, 10, 11, 8, 14, 2, 13, 9, 8, 5, 14, 5]
Gracz 2: [7, 7, 12, 12, 5, 6, 6, 13, 11, 9, 11, 11, 7, 12, 9, 3, 8, 9, 6, 13, 8, 3, 7, 2, 4, 6, 13, 4, 14]
Na stole:  1. [4], 2. [7]
Wygrał Gracz 2

RUNDA 38.
Gracz 1: [10, 3, 12, 4, 10, 10, 2, 5, 14, 3, 2, 10, 11, 8, 14, 2, 13, 9, 8, 5, 14, 5]
Gracz 2: [7, 12, 12, 5, 6, 6, 13, 11, 9, 11, 11, 7, 12, 9, 3, 8, 9, 6, 13, 8, 3, 7, 2, 4, 6, 13, 4, 14, 4, 7]
Na stole:  1. [10], 2. [7]
Wygrał Gracz 1

RUNDA 39.
Gracz 1: [3, 12, 4, 10, 10, 2, 5, 14, 3, 2, 10, 11, 8, 14, 2, 13, 9, 8, 5, 14, 5, 10, 7]
Gracz 2: [12, 12, 5, 6, 6, 13, 11, 9, 11, 11, 7, 12, 9, 3, 8, 9, 6, 13, 8, 3, 7, 2, 4, 6, 13, 4, 14, 4, 7]
Na stole:  1. [3], 2. [12]
Wygrał Gracz 2

tasowanie
RUNDA 40.
Gracz 1: [14, 8, 8, 11, 9, 10, 3, 10, 7, 10, 2, 13, 14, 5, 4, 2, 10, 12, 5, 2, 5, 14]
Gracz 2: [3, 12, 13, 6, 6, 6, 12, 4, 7, 8, 7, 11, 11, 11, 13, 9, 3, 4, 3, 9, 12, 7, 8, 14, 5, 6, 9, 4, 13, 2]
Na stole:  1. [14], 2. [3]
Wygrał Gracz 1

RUNDA 41.
Gracz 1: [8, 8, 11, 9, 10, 3, 10, 7, 10, 2, 13, 14, 5, 4, 2, 10, 12, 5, 2, 5, 14, 14, 3]
Gracz 2: [12, 13, 6, 6, 6, 12, 4, 7, 8, 7, 11, 11, 11, 13, 9, 3, 4, 3, 9, 12, 7, 8, 14, 5, 6, 9, 4, 13, 2]
Na stole:  1. [8], 2. [12]
Wygrał Gracz 2

RUNDA 42.
Gracz 1: [8, 11, 9, 10, 3, 10, 7, 10, 2, 13, 14, 5, 4, 2, 10, 12, 5, 2, 5, 14, 14, 3]
Gracz 2: [13, 6, 6, 6, 12, 4, 7, 8, 7, 11, 11, 11, 13, 9, 3, 4, 3, 9, 12, 7, 8, 14, 5, 6, 9, 4, 13, 2, 8, 12]
Na stole:  1. [8], 2. [13]
Wygrał Gracz 2

RUNDA 43.
Gracz 1: [11, 9, 10, 3, 10, 7, 10, 2, 13, 14, 5, 4, 2, 10, 12, 5, 2, 5, 14, 14, 3]
Gracz 2: [6, 6, 6, 12, 4, 7, 8, 7, 11, 11, 11, 13, 9, 3, 4, 3, 9, 12, 7, 8, 14, 5, 6, 9, 4, 13, 2, 8, 12, 8, 13]
Na stole:  1. [11], 2. [6]
Wygrał Gracz 1

RUNDA 44.
Gracz 1: [9, 10, 3, 10, 7, 10, 2, 13, 14, 5, 4, 2, 10, 12, 5, 2, 5, 14, 14, 3, 11, 6]
Gracz 2: [6, 6, 12, 4, 7, 8, 7, 11, 11, 11, 13, 9, 3, 4, 3, 9, 12, 7, 8, 14, 5, 6, 9, 4, 13, 2, 8, 12, 8, 13]
Na stole:  1. [9], 2. [6]
Wygrał Gracz 1

RUNDA 45.
Gracz 1: [10, 3, 10, 7, 10, 2, 13, 14, 5, 4, 2, 10, 12, 5, 2, 5, 14, 14, 3, 11, 6, 9, 6]
Gracz 2: [6, 12, 4, 7, 8, 7, 11, 11, 11, 13, 9, 3, 4, 3, 9, 12, 7, 8, 14, 5, 6, 9, 4, 13, 2, 8, 12, 8, 13]
Na stole:  1. [10], 2. [6]
Wygrał Gracz 1

RUNDA 46.
Gracz 1: [3, 10, 7, 10, 2, 13, 14, 5, 4, 2, 10, 12, 5, 2, 5, 14, 14, 3, 11, 6, 9, 6, 10, 6]
Gracz 2: [12, 4, 7, 8, 7, 11, 11, 11, 13, 9, 3, 4, 3, 9, 12, 7, 8, 14, 5, 6, 9, 4, 13, 2, 8, 12, 8, 13]
Na stole:  1. [3], 2. [12]
Wygrał Gracz 2

RUNDA 47.
Gracz 1: [10, 7, 10, 2, 13, 14, 5, 4, 2, 10, 12, 5, 2, 5, 14, 14, 3, 11, 6, 9, 6, 10, 6]
Gracz 2: [4, 7, 8, 7, 11, 11, 11, 13, 9, 3, 4, 3, 9, 12, 7, 8, 14, 5, 6, 9, 4, 13, 2, 8, 12, 8, 13, 3, 12]
Na stole:  1. [10], 2. [4]
Wygrał Gracz 1

RUNDA 48.
Gracz 1: [7, 10, 2, 13, 14, 5, 4, 2, 10, 12, 5, 2, 5, 14, 14, 3, 11, 6, 9, 6, 10, 6, 10, 4]
Gracz 2: [7, 8, 7, 11, 11, 11, 13, 9, 3, 4, 3, 9, 12, 7, 8, 14, 5, 6, 9, 4, 13, 2, 8, 12, 8, 13, 3, 12]
Na stole:  1. [7], 2. [7]
WOJNA!
Na stole:  1. [7, 10, 2], 2. [7, 8, 7]
Wygrał Gracz 2

RUNDA 49.
Gracz 1: [13, 14, 5, 4, 2, 10, 12, 5, 2, 5, 14, 14, 3, 11, 6, 9, 6, 10, 6, 10, 4]
Gracz 2: [11, 11, 11, 13, 9, 3, 4, 3, 9, 12, 7, 8, 14, 5, 6, 9, 4, 13, 2, 8, 12, 8, 13, 3, 12, 7, 10, 2, 7, 8, 7]
Na stole:  1. [13], 2. [11]
Wygrał Gracz 1

tasowanie
RUNDA 50.
Gracz 1: [6, 4, 10, 5, 14, 14, 9, 2, 12, 11, 4, 13, 14, 6, 10, 11, 2, 6, 5, 3, 5, 10]
Gracz 2: [8, 11, 3, 13, 2, 8, 10, 14, 13, 7, 2, 9, 5, 9, 12, 8, 7, 7, 7, 6, 13, 12, 3, 9, 8, 4, 3, 4, 11, 12]
Na stole:  1. [6], 2. [8]
Wygrał Gracz 2

RUNDA 51.
Gracz 1: [4, 10, 5, 14, 14, 9, 2, 12, 11, 4, 13, 14, 6, 10, 11, 2, 6, 5, 3, 5, 10]
Gracz 2: [11, 3, 13, 2, 8, 10, 14, 13, 7, 2, 9, 5, 9, 12, 8, 7, 7, 7, 6, 13, 12, 3, 9, 8, 4, 3, 4, 11, 12, 6, 8]
Na stole:  1. [4], 2. [11]
Wygrał Gracz 2

RUNDA 52.
Gracz 1: [10, 5, 14, 14, 9, 2, 12, 11, 4, 13, 14, 6, 10, 11, 2, 6, 5, 3, 5, 10]
Gracz 2: [3, 13, 2, 8, 10, 14, 13, 7, 2, 9, 5, 9, 12, 8, 7, 7, 7, 6, 13, 12, 3, 9, 8, 4, 3, 4, 11, 12, 6, 8, 4, 11]
Na stole:  1. [10], 2. [3]
Wygrał Gracz 1

RUNDA 53.
Gracz 1: [5, 14, 14, 9, 2, 12, 11, 4, 13, 14, 6, 10, 11, 2, 6, 5, 3, 5, 10, 10, 3]
Gracz 2: [13, 2, 8, 10, 14, 13, 7, 2, 9, 5, 9, 12, 8, 7, 7, 7, 6, 13, 12, 3, 9, 8, 4, 3, 4, 11, 12, 6, 8, 4, 11]
Na stole:  1. [5], 2. [13]
Wygrał Gracz 2

RUNDA 54.
Gracz 1: [14, 14, 9, 2, 12, 11, 4, 13, 14, 6, 10, 11, 2, 6, 5, 3, 5, 10, 10, 3]
Gracz 2: [2, 8, 10, 14, 13, 7, 2, 9, 5, 9, 12, 8, 7, 7, 7, 6, 13, 12, 3, 9, 8, 4, 3, 4, 11, 12, 6, 8, 4, 11, 5, 13]
Na stole:  1. [14], 2. [2]
Wygrał Gracz 1

RUNDA 55.
Gracz 1: [14, 9, 2, 12, 11, 4, 13, 14, 6, 10, 11, 2, 6, 5, 3, 5, 10, 10, 3, 14, 2]
Gracz 2: [8, 10, 14, 13, 7, 2, 9, 5, 9, 12, 8, 7, 7, 7, 6, 13, 12, 3, 9, 8, 4, 3, 4, 11, 12, 6, 8, 4, 11, 5, 13]
Na stole:  1. [14], 2. [8]
Wygrał Gracz 1

RUNDA 56.
Gracz 1: [9, 2, 12, 11, 4, 13, 14, 6, 10, 11, 2, 6, 5, 3, 5, 10, 10, 3, 14, 2, 14, 8]
Gracz 2: [10, 14, 13, 7, 2, 9, 5, 9, 12, 8, 7, 7, 7, 6, 13, 12, 3, 9, 8, 4, 3, 4, 11, 12, 6, 8, 4, 11, 5, 13]
Na stole:  1. [9], 2. [10]
Wygrał Gracz 2

RUNDA 57.
Gracz 1: [2, 12, 11, 4, 13, 14, 6, 10, 11, 2, 6, 5, 3, 5, 10, 10, 3, 14, 2, 14, 8]
Gracz 2: [14, 13, 7, 2, 9, 5, 9, 12, 8, 7, 7, 7, 6, 13, 12, 3, 9, 8, 4, 3, 4, 11, 12, 6, 8, 4, 11, 5, 13, 9, 10]
Na stole:  1. [2], 2. [14]
Wygrał Gracz 2

RUNDA 58.
Gracz 1: [12, 11, 4, 13, 14, 6, 10, 11, 2, 6, 5, 3, 5, 10, 10, 3, 14, 2, 14, 8]
Gracz 2: [13, 7, 2, 9, 5, 9, 12, 8, 7, 7, 7, 6, 13, 12, 3, 9, 8, 4, 3, 4, 11, 12, 6, 8, 4, 11, 5, 13, 9, 10, 2, 14]
Na stole:  1. [12], 2. [13]
Wygrał Gracz 2

RUNDA 59.
Gracz 1: [11, 4, 13, 14, 6, 10, 11, 2, 6, 5, 3, 5, 10, 10, 3, 14, 2, 14, 8]
Gracz 2: [7, 2, 9, 5, 9, 12, 8, 7, 7, 7, 6, 13, 12, 3, 9, 8, 4, 3, 4, 11, 12, 6, 8, 4, 11, 5, 13, 9, 10, 2, 14, 12, 13]
Na stole:  1. [11], 2. [7]
Wygrał Gracz 1

tasowanie
RUNDA 60.
Gracz 1: [5, 6, 5, 8, 10, 2, 11, 14, 14, 2, 10, 10, 13, 11, 6, 7, 14, 4, 3, 3]
Gracz 2: [6, 11, 4, 2, 10, 9, 13, 3, 12, 5, 8, 13, 5, 13, 9, 7, 12, 3, 4, 14, 12, 12, 6, 8, 9, 2, 8, 11, 7, 4, 9, 7]
Na stole:  1. [5], 2. [6]
Wygrał Gracz 2

RUNDA 61.
Gracz 1: [6, 5, 8, 10, 2, 11, 14, 14, 2, 10, 10, 13, 11, 6, 7, 14, 4, 3, 3]
Gracz 2: [11, 4, 2, 10, 9, 13, 3, 12, 5, 8, 13, 5, 13, 9, 7, 12, 3, 4, 14, 12, 12, 6, 8, 9, 2, 8, 11, 7, 4, 9, 7, 5, 6]
Na stole:  1. [6], 2. [11]
Wygrał Gracz 2

RUNDA 62.
Gracz 1: [5, 8, 10, 2, 11, 14, 14, 2, 10, 10, 13, 11, 6, 7, 14, 4, 3, 3]
Gracz 2: [4, 2, 10, 9, 13, 3, 12, 5, 8, 13, 5, 13, 9, 7, 12, 3, 4, 14, 12, 12, 6, 8, 9, 2, 8, 11, 7, 4, 9, 7, 5, 6, 6, 11]
Na stole:  1. [5], 2. [4]
Wygrał Gracz 1

RUNDA 63.
Gracz 1: [8, 10, 2, 11, 14, 14, 2, 10, 10, 13, 11, 6, 7, 14, 4, 3, 3, 5, 4]
Gracz 2: [2, 10, 9, 13, 3, 12, 5, 8, 13, 5, 13, 9, 7, 12, 3, 4, 14, 12, 12, 6, 8, 9, 2, 8, 11, 7, 4, 9, 7, 5, 6, 6, 11]
Na stole:  1. [8], 2. [2]
Wygrał Gracz 1

RUNDA 64.
Gracz 1: [10, 2, 11, 14, 14, 2, 10, 10, 13, 11, 6, 7, 14, 4, 3, 3, 5, 4, 8, 2]
Gracz 2: [10, 9, 13, 3, 12, 5, 8, 13, 5, 13, 9, 7, 12, 3, 4, 14, 12, 12, 6, 8, 9, 2, 8, 11, 7, 4, 9, 7, 5, 6, 6, 11]
Na stole:  1. [10], 2. [10]
WOJNA!
Na stole:  1. [10, 2, 11], 2. [10, 9, 13]
Wygrał Gracz 2

RUNDA 65.
Gracz 1: [14, 14, 2, 10, 10, 13, 11, 6, 7, 14, 4, 3, 3, 5, 4, 8, 2]
Gracz 2: [3, 12, 5, 8, 13, 5, 13, 9, 7, 12, 3, 4, 14, 12, 12, 6, 8, 9, 2, 8, 11, 7, 4, 9, 7, 5, 6, 6, 11, 10, 2, 11, 10, 9, 13]
Na stole:  1. [14], 2. [3]
Wygrał Gracz 1

RUNDA 66.
Gracz 1: [14, 2, 10, 10, 13, 11, 6, 7, 14, 4, 3, 3, 5, 4, 8, 2, 14, 3]
Gracz 2: [12, 5, 8, 13, 5, 13, 9, 7, 12, 3, 4, 14, 12, 12, 6, 8, 9, 2, 8, 11, 7, 4, 9, 7, 5, 6, 6, 11, 10, 2, 11, 10, 9, 13]
Na stole:  1. [14], 2. [12]
Wygrał Gracz 1

RUNDA 67.
Gracz 1: [2, 10, 10, 13, 11, 6, 7, 14, 4, 3, 3, 5, 4, 8, 2, 14, 3, 14, 12]
Gracz 2: [5, 8, 13, 5, 13, 9, 7, 12, 3, 4, 14, 12, 12, 6, 8, 9, 2, 8, 11, 7, 4, 9, 7, 5, 6, 6, 11, 10, 2, 11, 10, 9, 13]
Na stole:  1. [2], 2. [5]
Wygrał Gracz 2

RUNDA 68.
Gracz 1: [10, 10, 13, 11, 6, 7, 14, 4, 3, 3, 5, 4, 8, 2, 14, 3, 14, 12]
Gracz 2: [8, 13, 5, 13, 9, 7, 12, 3, 4, 14, 12, 12, 6, 8, 9, 2, 8, 11, 7, 4, 9, 7, 5, 6, 6, 11, 10, 2, 11, 10, 9, 13, 2, 5]
Na stole:  1. [10], 2. [8]
Wygrał Gracz 1

RUNDA 69.
Gracz 1: [10, 13, 11, 6, 7, 14, 4, 3, 3, 5, 4, 8, 2, 14, 3, 14, 12, 10, 8]
Gracz 2: [13, 5, 13, 9, 7, 12, 3, 4, 14, 12, 12, 6, 8, 9, 2, 8, 11, 7, 4, 9, 7, 5, 6, 6, 11, 10, 2, 11, 10, 9, 13, 2, 5]
Na stole:  1. [10], 2. [13]
Wygrał Gracz 2

tasowanie
RUNDA 70.
Gracz 1: [10, 7, 3, 2, 14, 14, 6, 4, 5, 3, 14, 13, 8, 8, 3, 11, 12, 4]
Gracz 2: [5, 7, 13, 6, 2, 6, 10, 8, 3, 2, 5, 12, 9, 13, 9, 10, 12, 11, 7, 14, 7, 2, 11, 11, 10, 13, 4, 4, 9, 8, 9, 5, 12, 6]
Na stole:  1. [10], 2. [5]
Wygrał Gracz 1

RUNDA 71.
Gracz 1: [7, 3, 2, 14, 14, 6, 4, 5, 3, 14, 13, 8, 8, 3, 11, 12, 4, 10, 5]
Gracz 2: [7, 13, 6, 2, 6, 10, 8, 3, 2, 5, 12, 9, 13, 9, 10, 12, 11, 7, 14, 7, 2, 11, 11, 10, 13, 4, 4, 9, 8, 9, 5, 12, 6]
Na stole:  1. [7], 2. [7]
WOJNA!
Na stole:  1. [7, 3, 2], 2. [7, 13, 6]
Wygrał Gracz 2

RUNDA 72.
Gracz 1: [14, 14, 6, 4, 5, 3, 14, 13, 8, 8, 3, 11, 12, 4, 10, 5]
Gracz 2: [2, 6, 10, 8, 3, 2, 5, 12, 9, 13, 9, 10, 12, 11, 7, 14, 7, 2, 11, 11, 10, 13, 4, 4, 9, 8, 9, 5, 12, 6, 7, 3, 2, 7, 13, 6]
Na stole:  1. [14], 2. [2]
Wygrał Gracz 1

RUNDA 73.
Gracz 1: [14, 6, 4, 5, 3, 14, 13, 8, 8, 3, 11, 12, 4, 10, 5, 14, 2]
Gracz 2: [6, 10, 8, 3, 2, 5, 12, 9, 13, 9, 10, 12, 11, 7, 14, 7, 2, 11, 11, 10, 13, 4, 4, 9, 8, 9, 5, 12, 6, 7, 3, 2, 7, 13, 6]
Na stole:  1. [14], 2. [6]
Wygrał Gracz 1

RUNDA 74.
Gracz 1: [6, 4, 5, 3, 14, 13, 8, 8, 3, 11, 12, 4, 10, 5, 14, 2, 14, 6]
Gracz 2: [10, 8, 3, 2, 5, 12, 9, 13, 9, 10, 12, 11, 7, 14, 7, 2, 11, 11, 10, 13, 4, 4, 9, 8, 9, 5, 12, 6, 7, 3, 2, 7, 13, 6]
Na stole:  1. [6], 2. [10]
Wygrał Gracz 2

RUNDA 75.
Gracz 1: [4, 5, 3, 14, 13, 8, 8, 3, 11, 12, 4, 10, 5, 14, 2, 14, 6]
Gracz 2: [8, 3, 2, 5, 12, 9, 13, 9, 10, 12, 11, 7, 14, 7, 2, 11, 11, 10, 13, 4, 4, 9, 8, 9, 5, 12, 6, 7, 3, 2, 7, 13, 6, 6, 10]
Na stole:  1. [4], 2. [8]
Wygrał Gracz 2

RUNDA 76.
Gracz 1: [5, 3, 14, 13, 8, 8, 3, 11, 12, 4, 10, 5, 14, 2, 14, 6]
Gracz 2: [3, 2, 5, 12, 9, 13, 9, 10, 12, 11, 7, 14, 7, 2, 11, 11, 10, 13, 4, 4, 9, 8, 9, 5, 12, 6, 7, 3, 2, 7, 13, 6, 6, 10, 4, 8]
Na stole:  1. [5], 2. [3]
Wygrał Gracz 1

RUNDA 77.
Gracz 1: [3, 14, 13, 8, 8, 3, 11, 12, 4, 10, 5, 14, 2, 14, 6, 5, 3]
Gracz 2: [2, 5, 12, 9, 13, 9, 10, 12, 11, 7, 14, 7, 2, 11, 11, 10, 13, 4, 4, 9, 8, 9, 5, 12, 6, 7, 3, 2, 7, 13, 6, 6, 10, 4, 8]
Na stole:  1. [3], 2. [2]
Wygrał Gracz 1

RUNDA 78.
Gracz 1: [14, 13, 8, 8, 3, 11, 12, 4, 10, 5, 14, 2, 14, 6, 5, 3, 3, 2]
Gracz 2: [5, 12, 9, 13, 9, 10, 12, 11, 7, 14, 7, 2, 11, 11, 10, 13, 4, 4, 9, 8, 9, 5, 12, 6, 7, 3, 2, 7, 13, 6, 6, 10, 4, 8]
Na stole:  1. [14], 2. [5]
Wygrał Gracz 1

RUNDA 79.
Gracz 1: [13, 8, 8, 3, 11, 12, 4, 10, 5, 14, 2, 14, 6, 5, 3, 3, 2, 14, 5]
Gracz 2: [12, 9, 13, 9, 10, 12, 11, 7, 14, 7, 2, 11, 11, 10, 13, 4, 4, 9, 8, 9, 5, 12, 6, 7, 3, 2, 7, 13, 6, 6, 10, 4, 8]
Na stole:  1. [13], 2. [12]
Wygrał Gracz 1

tasowanie
RUNDA 80.
Gracz 1: [3, 8, 2, 14, 3, 5, 8, 10, 2, 12, 6, 11, 4, 5, 12, 13, 3, 5, 14, 14]
Gracz 2: [10, 7, 11, 10, 13, 9, 2, 6, 3, 6, 9, 4, 12, 4, 8, 8, 2, 10, 6, 7, 14, 4, 11, 13, 12, 7, 11, 7, 9, 5, 13, 9]
Na stole:  1. [3], 2. [10]
Wygrał Gracz 2

RUNDA 81.
Gracz 1: [8, 2, 14, 3, 5, 8, 10, 2, 12, 6, 11, 4, 5, 12, 13, 3, 5, 14, 14]
Gracz 2: [7, 11, 10, 13, 9, 2, 6, 3, 6, 9, 4, 12, 4, 8, 8, 2, 10, 6, 7, 14, 4, 11, 13, 12, 7, 11, 7, 9, 5, 13, 9, 3, 10]
Na stole:  1. [8], 2. [7]
Wygrał Gracz 1

RUNDA 82.
Gracz 1: [2, 14, 3, 5, 8, 10, 2, 12, 6, 11, 4, 5, 12, 13, 3, 5, 14, 14, 8, 7]
Gracz 2: [11, 10, 13, 9, 2, 6, 3, 6, 9, 4, 12, 4, 8, 8, 2, 10, 6, 7, 14, 4, 11, 13, 12, 7, 11, 7, 9, 5, 13, 9, 3, 10]
Na stole:  1. [2], 2. [11]
Wygrał Gracz 2

RUNDA 83.
Gracz 1: [14, 3, 5, 8, 10, 2, 12, 6, 11, 4, 5, 12, 13, 3, 5, 14, 14, 8, 7]
Gracz 2: [10, 13, 9, 2, 6, 3, 6, 9, 4, 12, 4, 8, 8, 2, 10, 6, 7, 14, 4, 11, 13, 12, 7, 11, 7, 9, 5, 13, 9, 3, 10, 2, 11]
Na stole:  1. [14], 2. [10]
Wygrał Gracz 1

RUNDA 84.
Gracz 1: [3, 5, 8, 10, 2, 12, 6, 11, 4, 5, 12, 13, 3, 5, 14, 14, 8, 7, 14, 10]
Gracz 2: [13, 9, 2, 6, 3, 6, 9, 4, 12, 4, 8, 8, 2, 10, 6, 7, 14, 4, 11, 13, 12, 7, 11, 7, 9, 5, 13, 9, 3, 10, 2, 11]
Na stole:  1. [3], 2. [13]
Wygrał Gracz 2

RUNDA 85.
Gracz 1: [5, 8, 10, 2, 12, 6, 11, 4, 5, 12, 13, 3, 5, 14, 14, 8, 7, 14, 10]
Gracz 2: [9, 2, 6, 3, 6, 9, 4, 12, 4, 8, 8, 2, 10, 6, 7, 14, 4, 11, 13, 12, 7, 11, 7, 9, 5, 13, 9, 3, 10, 2, 11, 3, 13]
Na stole:  1. [5], 2. [9]
Wygrał Gracz 2

RUNDA 86.
Gracz 1: [8, 10, 2, 12, 6, 11, 4, 5, 12, 13, 3, 5, 14, 14, 8, 7, 14, 10]
Gracz 2: [2, 6, 3, 6, 9, 4, 12, 4, 8, 8, 2, 10, 6, 7, 14, 4, 11, 13, 12, 7, 11, 7, 9, 5, 13, 9, 3, 10, 2, 11, 3, 13, 5, 9]
Na stole:  1. [8], 2. [2]
Wygrał Gracz 1

RUNDA 87.
Gracz 1: [10, 2, 12, 6, 11, 4, 5, 12, 13, 3, 5, 14, 14, 8, 7, 14, 10, 8, 2]
Gracz 2: [6, 3, 6, 9, 4, 12, 4, 8, 8, 2, 10, 6, 7, 14, 4, 11, 13, 12, 7, 11, 7, 9, 5, 13, 9, 3, 10, 2, 11, 3, 13, 5, 9]
Na stole:  1. [10], 2. [6]
Wygrał Gracz 1

RUNDA 88.
Gracz 1: [2, 12, 6, 11, 4, 5, 12, 13, 3, 5, 14, 14, 8, 7, 14, 10, 8, 2, 10, 6]
Gracz 2: [3, 6, 9, 4, 12, 4, 8, 8, 2, 10, 6, 7, 14, 4, 11, 13, 12, 7, 11, 7, 9, 5, 13, 9, 3, 10, 2, 11, 3, 13, 5, 9]
Na stole:  1. [2], 2. [3]
Wygrał Gracz 2

RUNDA 89.
Gracz 1: [12, 6, 11, 4, 5, 12, 13, 3, 5, 14, 14, 8, 7, 14, 10, 8, 2, 10, 6]
Gracz 2: [6, 9, 4, 12, 4, 8, 8, 2, 10, 6, 7, 14, 4, 11, 13, 12, 7, 11, 7, 9, 5, 13, 9, 3, 10, 2, 11, 3, 13, 5, 9, 2, 3]
Na stole:  1. [12], 2. [6]
Wygrał Gracz 1

tasowanie
RUNDA 90.
Gracz 1: [6, 12, 8, 3, 5, 14, 6, 12, 14, 10, 7, 4, 2, 5, 14, 6, 11, 10, 8, 13]
Gracz 2: [8, 9, 13, 9, 2, 11, 7, 2, 11, 7, 9, 13, 4, 9, 7, 8, 3, 5, 11, 3, 6, 14, 4, 12, 13, 4, 10, 10, 12, 2, 5, 3]
Na stole:  1. [6], 2. [8]
Wygrał Gracz 2

RUNDA 91.
Gracz 1: [12, 8, 3, 5, 14, 6, 12, 14, 10, 7, 4, 2, 5, 14, 6, 11, 10, 8, 13]
Gracz 2: [9, 13, 9, 2, 11, 7, 2, 11, 7, 9, 13, 4, 9, 7, 8, 3, 5, 11, 3, 6, 14, 4, 12, 13, 4, 10, 10, 12, 2, 5, 3, 6, 8]
Na stole:  1. [12], 2. [9]
Wygrał Gracz 1

RUNDA 92.
Gracz 1: [8, 3, 5, 14, 6, 12, 14, 10, 7, 4, 2, 5, 14, 6, 11, 10, 8, 13, 12, 9]
Gracz 2: [13, 9, 2, 11, 7, 2, 11, 7, 9, 13, 4, 9, 7, 8, 3, 5, 11, 3, 6, 14, 4, 12, 13, 4, 10, 10, 12, 2, 5, 3, 6, 8]
Na stole:  1. [8], 2. [13]
Wygrał Gracz 2

RUNDA 93.
Gracz 1: [3, 5, 14, 6, 12, 14, 10, 7, 4, 2, 5, 14, 6, 11, 10, 8, 13, 12, 9]
Gracz 2: [9, 2, 11, 7, 2, 11, 7, 9, 13, 4, 9, 7, 8, 3, 5, 11, 3, 6, 14, 4, 12, 13, 4, 10, 10, 12, 2, 5, 3, 6, 8, 8, 13]
Na stole:  1. [3], 2. [9]
Wygrał Gracz 2

RUNDA 94.
Gracz 1: [5, 14, 6, 12, 14, 10, 7, 4, 2, 5, 14, 6, 11, 10, 8, 13, 12, 9]
Gracz 2: [2, 11, 7, 2, 11, 7, 9, 13, 4, 9, 7, 8, 3, 5, 11, 3, 6, 14, 4, 12, 13, 4, 10, 10, 12, 2, 5, 3, 6, 8, 8, 13, 3, 9]
Na stole:  1. [5], 2. [2]
Wygrał Gracz 1

RUNDA 95.
Gracz 1: [14, 6, 12, 14, 10, 7, 4, 2, 5, 14, 6, 11, 10, 8, 13, 12, 9, 5, 2]
Gracz 2: [11, 7, 2, 11, 7, 9, 13, 4, 9, 7, 8, 3, 5, 11, 3, 6, 14, 4, 12, 13, 4, 10, 10, 12, 2, 5, 3, 6, 8, 8, 13, 3, 9]
Na stole:  1. [14], 2. [11]
Wygrał Gracz 1

RUNDA 96.
Gracz 1: [6, 12, 14, 10, 7, 4, 2, 5, 14, 6, 11, 10, 8, 13, 12, 9, 5, 2, 14, 11]
Gracz 2: [7, 2, 11, 7, 9, 13, 4, 9, 7, 8, 3, 5, 11, 3, 6, 14, 4, 12, 13, 4, 10, 10, 12, 2, 5, 3, 6, 8, 8, 13, 3, 9]
Na stole:  1. [6], 2. [7]
Wygrał Gracz 2

RUNDA 97.
Gracz 1: [12, 14, 10, 7, 4, 2, 5, 14, 6, 11, 10, 8, 13, 12, 9, 5, 2, 14, 11]
Gracz 2: [2, 11, 7, 9, 13, 4, 9, 7, 8, 3, 5, 11, 3, 6, 14, 4, 12, 13, 4, 10, 10, 12, 2, 5, 3, 6, 8, 8, 13, 3, 9, 6, 7]
Na stole:  1. [12], 2. [2]
Wygrał Gracz 1

RUNDA 98.
Gracz 1: [14, 10, 7, 4, 2, 5, 14, 6, 11, 10, 8, 13, 12, 9, 5, 2, 14, 11, 12, 2]
Gracz 2: [11, 7, 9, 13, 4, 9, 7, 8, 3, 5, 11, 3, 6, 14, 4, 12, 13, 4, 10, 10, 12, 2, 5, 3, 6, 8, 8, 13, 3, 9, 6, 7]
Na stole:  1. [14], 2. [11]
Wygrał Gracz 1

RUNDA 99.
Gracz 1: [10, 7, 4, 2, 5, 14, 6, 11, 10, 8, 13, 12, 9, 5, 2, 14, 11, 12, 2, 14, 11]
Gracz 2: [7, 9, 13, 4, 9, 7, 8, 3, 5, 11, 3, 6, 14, 4, 12, 13, 4, 10, 10, 12, 2, 5, 3, 6, 8, 8, 13, 3, 9, 6, 7]
Na stole:  1. [10], 2. [7]
Wygrał Gracz 1

tasowanie
RUNDA 100.
Gracz 1: [10, 10, 7, 8, 11, 14, 7, 2, 12, 9, 11, 5, 4, 14, 6, 13, 12, 14, 5, 2, 11, 2]
Gracz 2: [4, 8, 13, 9, 10, 7, 14, 11, 6, 6, 4, 8, 3, 13, 9, 12, 7, 3, 12, 5, 5, 8, 2, 10, 3, 9, 4, 13, 3, 6]
Na stole:  1. [10], 2. [4]
Wygrał Gracz 1

RUNDA 101.
Gracz 1: [10, 7, 8, 11, 14, 7, 2, 12, 9, 11, 5, 4, 14, 6, 13, 12, 14, 5, 2, 11, 2, 10, 4]
Gracz 2: [8, 13, 9, 10, 7, 14, 11, 6, 6, 4, 8, 3, 13, 9, 12, 7, 3, 12, 5, 5, 8, 2, 10, 3, 9, 4, 13, 3, 6]
Na stole:  1. [10], 2. [8]
Wygrał Gracz 1

RUNDA 102.
Gracz 1: [7, 8, 11, 14, 7, 2, 12, 9, 11, 5, 4, 14, 6, 13, 12, 14, 5, 2, 11, 2, 10, 4, 10, 8]
Gracz 2: [13, 9, 10, 7, 14, 11, 6, 6, 4, 8, 3, 13, 9, 12, 7, 3, 12, 5, 5, 8, 2, 10, 3, 9, 4, 13, 3, 6]
Na stole:  1. [7], 2. [13]
Wygrał Gracz 2

RUNDA 103.
Gracz 1: [8, 11, 14, 7, 2, 12, 9, 11, 5, 4, 14, 6, 13, 12, 14, 5, 2, 11, 2, 10, 4, 10, 8]
Gracz 2: [9, 10, 7, 14, 11, 6, 6, 4, 8, 3, 13, 9, 12, 7, 3, 12, 5, 5, 8, 2, 10, 3, 9, 4, 13, 3, 6, 7, 13]
Na stole:  1. [8], 2. [9]
Wygrał Gracz 2

RUNDA 104.
Gracz 1: [11, 14, 7, 2, 12, 9, 11, 5, 4, 14, 6, 13, 12, 14, 5, 2, 11, 2, 10, 4, 10, 8]
Gracz 2: [10, 7, 14, 11, 6, 6, 4, 8, 3, 13, 9, 12, 7, 3, 12, 5, 5, 8, 2, 10, 3, 9, 4, 13, 3, 6, 7, 13, 8, 9]
Na stole:  1. [11], 2. [10]
Wygrał Gracz 1

RUNDA 105.
Gracz 1: [14, 7, 2, 12, 9, 11, 5, 4, 14, 6, 13, 12, 14, 5, 2, 11, 2, 10, 4, 10, 8, 11, 10]
Gracz 2: [7, 14, 11, 6, 6, 4, 8, 3, 13, 9, 12, 7, 3, 12, 5, 5, 8, 2, 10, 3, 9, 4, 13, 3, 6, 7, 13, 8, 9]
Na stole:  1. [14], 2. [7]
Wygrał Gracz 1

RUNDA 106.
Gracz 1: [7, 2, 12, 9, 11, 5, 4, 14, 6, 13, 12, 14, 5, 2, 11, 2, 10, 4, 10, 8, 11, 10, 14, 7]
Gracz 2: [14, 11, 6, 6, 4, 8, 3, 13, 9, 12, 7, 3, 12, 5, 5, 8, 2, 10, 3, 9, 4, 13, 3, 6, 7, 13, 8, 9]
Na stole:  1. [7], 2. [14]
Wygrał Gracz 2

RUNDA 107.
Gracz 1: [2, 12, 9, 11, 5, 4, 14, 6, 13, 12, 14, 5, 2, 11, 2, 10, 4, 10, 8, 11, 10, 14, 7]
Gracz 2: [11, 6, 6, 4, 8, 3, 13, 9, 12, 7, 3, 12, 5, 5, 8, 2, 10, 3, 9, 4, 13, 3, 6, 7, 13, 8, 9, 7, 14]
Na stole:  1. [2], 2. [11]
Wygrał Gracz 2

RUNDA 108.
Gracz 1: [12, 9, 11, 5, 4, 14, 6, 13, 12, 14, 5, 2, 11, 2, 10, 4, 10, 8, 11, 10, 14, 7]
Gracz 2: [6, 6, 4, 8, 3, 13, 9, 12, 7, 3, 12, 5, 5, 8, 2, 10, 3, 9, 4, 13, 3, 6, 7, 13, 8, 9, 7, 14, 2, 11]
Na stole:  1. [12], 2. [6]
Wygrał Gracz 1

RUNDA 109.
Gracz 1: [9, 11, 5, 4, 14, 6, 13, 12, 14, 5, 2, 11, 2, 10, 4, 10, 8, 11, 10, 14, 7, 12, 6]
Gracz 2: [6, 4, 8, 3, 13, 9, 12, 7, 3, 12, 5, 5, 8, 2, 10, 3, 9, 4, 13, 3, 6, 7, 13, 8, 9, 7, 14, 2, 11]
Na stole:  1. [9], 2. [6]
Wygrał Gracz 1

tasowanie
RUNDA 110.
Gracz 1: [11, 6, 10, 11, 10, 10, 13, 6, 4, 12, 11, 2, 12, 7, 2, 14, 14, 5, 4, 8, 9, 6, 14, 5]
Gracz 2: [4, 7, 5, 2, 8, 9, 6, 3, 10, 8, 7, 5, 12, 14, 13, 3, 7, 13, 11, 13, 3, 9, 4, 9, 12, 8, 2, 3]
Na stole:  1. [11], 2. [4]
Wygrał Gracz 1

RUNDA 111.
Gracz 1: [6, 10, 11, 10, 10, 13, 6, 4, 12, 11, 2, 12, 7, 2, 14, 14, 5, 4, 8, 9, 6, 14, 5, 11, 4]
Gracz 2: [7, 5, 2, 8, 9, 6, 3, 10, 8, 7, 5, 12, 14, 13, 3, 7, 13, 11, 13, 3, 9, 4, 9, 12, 8, 2, 3]
Na stole:  1. [6], 2. [7]
Wygrał Gracz 2

RUNDA 112.
Gracz 1: [10, 11, 10, 10, 13, 6, 4, 12, 11, 2, 12, 7, 2, 14, 14, 5, 4, 8, 9, 6, 14, 5, 11, 4]
Gracz 2: [5, 2, 8, 9, 6, 3, 10, 8, 7, 5, 12, 14, 13, 3, 7, 13, 11, 13, 3, 9, 4, 9, 12, 8, 2, 3, 6, 7]
Na stole:  1. [10], 2. [5]
Wygrał Gracz 1

RUNDA 113.
Gracz 1: [11, 10, 10, 13, 6, 4, 12, 11, 2, 12, 7, 2, 14, 14, 5, 4, 8, 9, 6, 14, 5, 11, 4, 10, 5]
Gracz 2: [2, 8, 9, 6, 3, 10, 8, 7, 5, 12, 14, 13, 3, 7, 13, 11, 13, 3, 9, 4, 9, 12, 8, 2, 3, 6, 7]
Na stole:  1. [11], 2. [2]
Wygrał Gracz 1

RUNDA 114.
Gracz 1: [10, 10, 13, 6, 4, 12, 11, 2, 12, 7, 2, 14, 14, 5, 4, 8, 9, 6, 14, 5, 11, 4, 10, 5, 11, 2]
Gracz 2: [8, 9, 6, 3, 10, 8, 7, 5, 12, 14, 13, 3, 7, 13, 11, 13, 3, 9, 4, 9, 12, 8, 2, 3, 6, 7]
Na stole:  1. [10], 2. [8]
Wygrał Gracz 1

RUNDA 115.
Gracz 1: [10, 13, 6, 4, 12, 11, 2, 12, 7, 2, 14, 14, 5, 4, 8, 9, 6, 14, 5, 11, 4, 10, 5, 11, 2, 10, 8]
Gracz 2: [9, 6, 3, 10, 8, 7, 5, 12, 14, 13, 3, 7, 13, 11, 13, 3, 9, 4, 9, 12, 8, 2, 3, 6, 7]
Na stole:  1. [10], 2. [9]
Wygrał Gracz 1

RUNDA 116.
Gracz 1: [13, 6, 4, 12, 11, 2, 12, 7, 2, 14, 14, 5, 4, 8, 9, 6, 14, 5, 11, 4, 10, 5, 11, 2, 10, 8, 10, 9]
Gracz 2: [6, 3, 10, 8, 7, 5, 12, 14, 13, 3, 7, 13, 11, 13, 3, 9, 4, 9, 12, 8, 2, 3, 6, 7]
Na stole:  1. [13], 2. [6]
Wygrał Gracz 1

RUNDA 117.
Gracz 1: [6, 4, 12, 11, 2, 12, 7, 2, 14, 14, 5, 4, 8, 9, 6, 14, 5, 11, 4, 10, 5, 11, 2, 10, 8, 10, 9, 13, 6]
Gracz 2: [3, 10, 8, 7, 5, 12, 14, 13, 3, 7, 13, 11, 13, 3, 9, 4, 9, 12, 8, 2, 3, 6, 7]
Na stole:  1. [6], 2. [3]
Wygrał Gracz 1

RUNDA 118.
Gracz 1: [4, 12, 11, 2, 12, 7, 2, 14, 14, 5, 4, 8, 9, 6, 14, 5, 11, 4, 10, 5, 11, 2, 10, 8, 10, 9, 13, 6, 6, 3]
Gracz 2: [10, 8, 7, 5, 12, 14, 13, 3, 7, 13, 11, 13, 3, 9, 4, 9, 12, 8, 2, 3, 6, 7]
Na stole:  1. [4], 2. [10]
Wygrał Gracz 2

RUNDA 119.
Gracz 1: [12, 11, 2, 12, 7, 2, 14, 14, 5, 4, 8, 9, 6, 14, 5, 11, 4, 10, 5, 11, 2, 10, 8, 10, 9, 13, 6, 6, 3]
Gracz 2: [8, 7, 5, 12, 14, 13, 3, 7, 13, 11, 13, 3, 9, 4, 9, 12, 8, 2, 3, 6, 7, 4, 10]
Na stole:  1. [12], 2. [8]
Wygrał Gracz 1

tasowanie
RUNDA 120.
Gracz 1: [4, 7, 6, 5, 8, 2, 6, 11, 10, 10, 9, 8, 6, 14, 11, 5, 14, 5, 12, 10, 3, 2, 9, 11, 14, 8, 4, 2, 13, 12]
Gracz 2: [10, 13, 2, 3, 12, 3, 11, 9, 7, 4, 13, 3, 5, 12, 14, 6, 9, 4, 13, 7, 7, 8]
Na stole:  1. [4], 2. [10]
Wygrał Gracz 2

RUNDA 121.
Gracz 1: [7, 6, 5, 8, 2, 6, 11, 10, 10, 9, 8, 6, 14, 11, 5, 14, 5, 12, 10, 3, 2, 9, 11, 14, 8, 4, 2, 13, 12]
Gracz 2: [13, 2, 3, 12, 3, 11, 9, 7, 4, 13, 3, 5, 12, 14, 6, 9, 4, 13, 7, 7, 8, 4, 10]
Na stole:  1. [7], 2. [13]
Wygrał Gracz 2

RUNDA 122.
Gracz 1: [6, 5, 8, 2, 6, 11, 10, 10, 9, 8, 6, 14, 11, 5, 14, 5, 12, 10, 3, 2, 9, 11, 14, 8, 4, 2, 13, 12]
Gracz 2: [2, 3, 12, 3, 11, 9, 7, 4, 13, 3, 5, 12, 14, 6, 9, 4, 13, 7, 7, 8, 4, 10, 7, 13]
Na stole:  1. [6], 2. [2]
Wygrał Gracz 1

RUNDA 123.
Gracz 1: [5, 8, 2, 6, 11, 10, 10, 9, 8, 6, 14, 11, 5, 14, 5, 12, 10, 3, 2, 9, 11, 14, 8, 4, 2, 13, 12, 6, 2]
Gracz 2: [3, 12, 3, 11, 9, 7, 4, 13, 3, 5, 12, 14, 6, 9, 4, 13, 7, 7, 8, 4, 10, 7, 13]
Na stole:  1. [5], 2. [3]
Wygrał Gracz 1

RUNDA 124.
Gracz 1: [8, 2, 6, 11, 10, 10, 9, 8, 6, 14, 11, 5, 14, 5, 12, 10, 3, 2, 9, 11, 14, 8, 4, 2, 13, 12, 6, 2, 5, 3]
Gracz 2: [12, 3, 11, 9, 7, 4, 13, 3, 5, 12, 14, 6, 9, 4, 13, 7, 7, 8, 4, 10, 7, 13]
Na stole:  1. [8], 2. [12]
Wygrał Gracz 2

RUNDA 125.
Gracz 1: [2, 6, 11, 10, 10, 9, 8, 6, 14, 11, 5, 14, 5, 12, 10, 3, 2, 9, 11, 14, 8, 4, 2, 13, 12, 6, 2, 5, 3]
Gracz 2: [3, 11, 9, 7, 4, 13, 3, 5, 12, 14, 6, 9, 4, 13, 7, 7, 8, 4, 10, 7, 13, 8, 12]
Na stole:  1. [2], 2. [3]
Wygrał Gracz 2

RUNDA 126.
Gracz 1: [6, 11, 10, 10, 9, 8, 6, 14, 11, 5, 14, 5, 12, 10, 3, 2, 9, 11, 14, 8, 4, 2, 13, 12, 6, 2, 5, 3]
Gracz 2: [11, 9, 7, 4, 13, 3, 5, 12, 14, 6, 9, 4, 13, 7, 7, 8, 4, 10, 7, 13, 8, 12, 2, 3]
Na stole:  1. [6], 2. [11]
Wygrał Gracz 2

RUNDA 127.
Gracz 1: [11, 10, 10, 9, 8, 6, 14, 11, 5, 14, 5, 12, 10, 3, 2, 9, 11, 14, 8, 4, 2, 13, 12, 6, 2, 5, 3]
Gracz 2: [9, 7, 4, 13, 3, 5, 12, 14, 6, 9, 4, 13, 7, 7, 8, 4, 10, 7, 13, 8, 12, 2, 3, 6, 11]
Na stole:  1. [11], 2. [9]
Wygrał Gracz 1

RUNDA 128.
Gracz 1: [10, 10, 9, 8, 6, 14, 11, 5, 14, 5, 12, 10, 3, 2, 9, 11, 14, 8, 4, 2, 13, 12, 6, 2, 5, 3, 11, 9]
Gracz 2: [7, 4, 13, 3, 5, 12, 14, 6, 9, 4, 13, 7, 7, 8, 4, 10, 7, 13, 8, 12, 2, 3, 6, 11]
Na stole:  1. [10], 2. [7]
Wygrał Gracz 1

RUNDA 129.
Gracz 1: [10, 9, 8, 6, 14, 11, 5, 14, 5, 12, 10, 3, 2, 9, 11, 14, 8, 4, 2, 13, 12, 6, 2, 5, 3, 11, 9, 10, 7]
Gracz 2: [4, 13, 3, 5, 12, 14, 6, 9, 4, 13, 7, 7, 8, 4, 10, 7, 13, 8, 12, 2, 3, 6, 11]
Na stole:  1. [10], 2. [4]
Wygrał Gracz 1

tasowanie
RUNDA 130.
Gracz 1: [12, 5, 9, 4, 8, 7, 11, 2, 3, 2, 13, 3, 6, 14, 5, 10, 14, 14, 4, 2, 10, 9, 6, 11, 8, 11, 10, 5, 12, 9]
Gracz 2: [9, 7, 2, 8, 4, 6, 7, 10, 8, 12, 3, 12, 4, 5, 13, 7, 14, 13, 11, 6, 3, 13]
Na stole:  1. [12], 2. [9]
Wygrał Gracz 1

RUNDA 131.
Gracz 1: [5, 9, 4, 8, 7, 11, 2, 3, 2, 13, 3, 6, 14, 5, 10, 14, 14, 4, 2, 10, 9, 6, 11, 8, 11, 10, 5, 12, 9, 12, 9]
Gracz 2: [7, 2, 8, 4, 6, 7, 10, 8, 12, 3, 12, 4, 5, 13, 7, 14, 13, 11, 6, 3, 13]
Na stole:  1. [5], 2. [7]
Wygrał Gracz 2

RUNDA 132.
Gracz 1: [9, 4, 8, 7, 11, 2, 3, 2, 13, 3, 6, 14, 5, 10, 14, 14, 4, 2, 10, 9, 6, 11, 8, 11, 10, 5, 12, 9, 12, 9]
Gracz 2: [2, 8, 4, 6, 7, 10, 8, 12, 3, 12, 4, 5, 13, 7, 14, 13, 11, 6, 3, 13, 5, 7]
Na stole:  1. [9], 2. [2]
Wygrał Gracz 1

RUNDA 133.
Gracz 1: [4, 8, 7, 11, 2, 3, 2, 13, 3, 6, 14, 5, 10, 14, 14, 4, 2, 10, 9, 6, 11, 8, 11, 10, 5, 12, 9, 12, 9, 9, 2]
Gracz 2: [8, 4, 6, 7, 10, 8, 12, 3, 12, 4, 5, 13, 7, 14, 13, 11, 6, 3, 13, 5, 7]
Na stole:  1. [4], 2. [8]
Wygrał Gracz 2

RUNDA 134.
Gracz 1: [8, 7, 11, 2, 3, 2, 13, 3, 6, 14, 5, 10, 14, 14, 4, 2, 10, 9, 6, 11, 8, 11, 10, 5, 12, 9, 12, 9, 9, 2]
Gracz 2: [4, 6, 7, 10, 8, 12, 3, 12, 4, 5, 13, 7, 14, 13, 11, 6, 3, 13, 5, 7, 4, 8]
Na stole:  1. [8], 2. [4]
Wygrał Gracz 1

RUNDA 135.
Gracz 1: [7, 11, 2, 3, 2, 13, 3, 6, 14, 5, 10, 14, 14, 4, 2, 10, 9, 6, 11, 8, 11, 10, 5, 12, 9, 12, 9, 9, 2, 8, 4]
Gracz 2: [6, 7, 10, 8, 12, 3, 12, 4, 5, 13, 7, 14, 13, 11, 6, 3, 13, 5, 7, 4, 8]
Na stole:  1. [7], 2. [6]
Wygrał Gracz 1

RUNDA 136.
Gracz 1: [11, 2, 3, 2, 13, 3, 6, 14, 5, 10, 14, 14, 4, 2, 10, 9, 6, 11, 8, 11, 10, 5, 12, 9, 12, 9, 9, 2, 8, 4, 7, 6]
Gracz 2: [7, 10, 8, 12, 3, 12, 4, 5, 13, 7, 14, 13, 11, 6, 3, 13, 5, 7, 4, 8]
Na stole:  1. [11], 2. [7]
Wygrał Gracz 1

RUNDA 137.
Gracz 1: [2, 3, 2, 13, 3, 6, 14, 5, 10, 14, 14, 4, 2, 10, 9, 6, 11, 8, 11, 10, 5, 12, 9, 12, 9, 9, 2, 8, 4, 7, 6, 11, 7]
Gracz 2: [10, 8, 12, 3, 12, 4, 5, 13, 7, 14, 13, 11, 6, 3, 13, 5, 7, 4, 8]
Na stole:  1. [2], 2. [10]
Wygrał Gracz 2

RUNDA 138.
Gracz 1: [3, 2, 13, 3, 6, 14, 5, 10, 14, 14, 4, 2, 10, 9, 6, 11, 8, 11, 10, 5, 12, 9, 12, 9, 9, 2, 8, 4, 7, 6, 11, 7]
Gracz 2: [8, 12, 3, 12, 4, 5, 13, 7, 14, 13, 11, 6, 3, 13, 5, 7, 4, 8, 2, 10]
Na stole:  1. [3], 2. [8]
Wygrał Gracz 2

RUNDA 139.
Gracz 1: [2, 13, 3, 6, 14, 5, 10, 14, 14, 4, 2, 10, 9, 6, 11, 8, 11, 10, 5, 12, 9, 12, 9, 9, 2, 8, 4, 7, 6, 11, 7]
Gracz 2: [12, 3, 12, 4, 5, 13, 7, 14, 13, 11, 6, 3, 13, 5, 7, 4, 8, 2, 10, 3, 8]
Na stole:  1. [2], 2. [12]
Wygrał Gracz 2

tasowanie
RUNDA 140.
Gracz 1: [6, 6, 5, 10, 2, 6, 13, 9, 9, 10, 9, 11, 4, 14, 9, 11, 11, 7, 14, 8, 7, 12, 14, 12, 8, 2, 10, 3, 4, 5]
Gracz 2: [13, 5, 8, 12, 5, 3, 14, 3, 3, 13, 4, 2, 7, 6, 12, 10, 8, 4, 11, 13, 2, 7]
Na stole:  1. [6], 2. [13]
Wygrał Gracz 2

RUNDA 141.
Gracz 1: [6, 5, 10, 2, 6, 13, 9, 9, 10, 9, 11, 4, 14, 9, 11, 11, 7, 14, 8, 7, 12, 14, 12, 8, 2, 10, 3, 4, 5]
Gracz 2: [5, 8, 12, 5, 3, 14, 3, 3, 13, 4, 2, 7, 6, 12, 10, 8, 4, 11, 13, 2, 7, 6, 13]
Na stole:  1. [6], 2. [5]
Wygrał Gracz 1

RUNDA 142.
Gracz 1: [5, 10, 2, 6, 13, 9, 9, 10, 9, 11, 4, 14, 9, 11, 11, 7, 14, 8, 7, 12, 14, 12, 8, 2, 10, 3, 4, 5, 6, 5]
Gracz 2: [8, 12, 5, 3, 14, 3, 3, 13, 4, 2, 7, 6, 12, 10, 8, 4, 11, 13, 2, 7, 6, 13]
Na stole:  1. [5], 2. [8]
Wygrał Gracz 2

RUNDA 143.
Gracz 1: [10, 2, 6, 13, 9, 9, 10, 9, 11, 4, 14, 9, 11, 11, 7, 14, 8, 7, 12, 14, 12, 8, 2, 10, 3, 4, 5, 6, 5]
Gracz 2: [12, 5, 3, 14, 3, 3, 13, 4, 2, 7, 6, 12, 10, 8, 4, 11, 13, 2, 7, 6, 13, 5, 8]
Na stole:  1. [10], 2. [12]
Wygrał Gracz 2

RUNDA 144.
Gracz 1: [2, 6, 13, 9, 9, 10, 9, 11, 4, 14, 9, 11, 11, 7, 14, 8, 7, 12, 14, 12, 8, 2, 10, 3, 4, 5, 6, 5]
Gracz 2: [5, 3, 14, 3, 3, 13, 4, 2, 7, 6, 12, 10, 8, 4, 11, 13, 2, 7, 6, 13, 5, 8, 10, 12]
Na stole:  1. [2], 2. [5]
Wygrał Gracz 2

RUNDA 145.
Gracz 1: [6, 13, 9, 9, 10, 9, 11, 4, 14, 9, 11, 11, 7, 14, 8, 7, 12, 14, 12, 8, 2, 10, 3, 4, 5, 6, 5]
Gracz 2: [3, 14, 3, 3, 13, 4, 2, 7, 6, 12, 10, 8, 4, 11, 13, 2, 7, 6, 13, 5, 8, 10, 12, 2, 5]
Na stole:  1. [6], 2. [3]
Wygrał Gracz 1

RUNDA 146.
Gracz 1: [13, 9, 9, 10, 9, 11, 4, 14, 9, 11, 11, 7, 14, 8, 7, 12, 14, 12, 8, 2, 10, 3, 4, 5, 6, 5, 6, 3]
Gracz 2: [14, 3, 3, 13, 4, 2, 7, 6, 12, 10, 8, 4, 11, 13, 2, 7, 6, 13, 5, 8, 10, 12, 2, 5]
Na stole:  1. [13], 2. [14]
Wygrał Gracz 2

RUNDA 147.
Gracz 1: [9, 9, 10, 9, 11, 4, 14, 9, 11, 11, 7, 14, 8, 7, 12, 14, 12, 8, 2, 10, 3, 4, 5, 6, 5, 6, 3]
Gracz 2: [3, 3, 13, 4, 2, 7, 6, 12, 10, 8, 4, 11, 13, 2, 7, 6, 13, 5, 8, 10, 12, 2, 5, 13, 14]
Na stole:  1. [9], 2. [3]
Wygrał Gracz 1

RUNDA 148.
Gracz 1: [9, 10, 9, 11, 4, 14, 9, 11, 11, 7, 14, 8, 7, 12, 14, 12, 8, 2, 10, 3, 4, 5, 6, 5, 6, 3, 9, 3]
Gracz 2: [3, 13, 4, 2, 7, 6, 12, 10, 8, 4, 11, 13, 2, 7, 6, 13, 5, 8, 10, 12, 2, 5, 13, 14]
Na stole:  1. [9], 2. [3]
Wygrał Gracz 1

RUNDA 149.
Gracz 1: [10, 9, 11, 4, 14, 9, 11, 11, 7, 14, 8, 7, 12, 14, 12, 8, 2, 10, 3, 4, 5, 6, 5, 6, 3, 9, 3, 9, 3]
Gracz 2: [13, 4, 2, 7, 6, 12, 10, 8, 4, 11, 13, 2, 7, 6, 13, 5, 8, 10, 12, 2, 5, 13, 14]
Na stole:  1. [10], 2. [13]
Wygrał Gracz 2

tasowanie
RUNDA 150.
Gracz 1: [5, 7, 8, 4, 4, 14, 6, 9, 12, 9, 2, 3, 3, 3, 8, 10, 14, 3, 7, 14, 9, 9, 11, 11, 12, 5, 11, 6]
Gracz 2: [4, 13, 14, 11, 10, 7, 12, 5, 6, 10, 4, 2, 2, 10, 2, 13, 8, 13, 5, 6, 8, 13, 12, 7]
Na stole:  1. [5], 2. [4]
Wygrał Gracz 1

RUNDA 151.
Gracz 1: [7, 8, 4, 4, 14, 6, 9, 12, 9, 2, 3, 3, 3, 8, 10, 14, 3, 7, 14, 9, 9, 11, 11, 12, 5, 11, 6, 5, 4]
Gracz 2: [13, 14, 11, 10, 7, 12, 5, 6, 10, 4, 2, 2, 10, 2, 13, 8, 13, 5, 6, 8, 13, 12, 7]
Na stole:  1. [7], 2. [13]
Wygrał Gracz 2

RUNDA 152.
Gracz 1: [8, 4, 4, 14, 6, 9, 12, 9, 2, 3, 3, 3, 8, 10, 14, 3, 7, 14, 9, 9, 11, 11, 12, 5, 11, 6, 5, 4]
Gracz 2: [14, 11, 10, 7, 12, 5, 6, 10, 4, 2, 2, 10, 2, 13, 8, 13, 5, 6, 8, 13, 12, 7, 7, 13]
Na stole:  1. [8], 2. [14]
Wygrał Gracz 2

RUNDA 153.
Gracz 1: [4, 4, 14, 6, 9, 12, 9, 2, 3, 3, 3, 8, 10, 14, 3, 7, 14, 9, 9, 11, 11, 12, 5, 11, 6, 5, 4]
Gracz 2: [11, 10, 7, 12, 5, 6, 10, 4, 2, 2, 10, 2, 13, 8, 13, 5, 6, 8, 13, 12, 7, 7, 13, 8, 14]
Na stole:  1. [4], 2. [11]
Wygrał Gracz 2

RUNDA 154.
Gracz 1: [4, 14, 6, 9, 12, 9, 2, 3, 3, 3, 8, 10, 14, 3, 7, 14, 9, 9, 11, 11, 12, 5, 11, 6, 5, 4]
Gracz 2: [10, 7, 12, 5, 6, 10, 4, 2, 2, 10, 2, 13, 8, 13, 5, 6, 8, 13, 12, 7, 7, 13, 8, 14, 4, 11]
Na stole:  1. [4], 2. [10]
Wygrał Gracz 2

RUNDA 155.
Gracz 1: [14, 6, 9, 12, 9, 2, 3, 3, 3, 8, 10, 14, 3, 7, 14, 9, 9, 11, 11, 12, 5, 11, 6, 5, 4]
Gracz 2: [7, 12, 5, 6, 10, 4, 2, 2, 10, 2, 13, 8, 13, 5, 6, 8, 13, 12, 7, 7, 13, 8, 14, 4, 11, 4, 10]
Na stole:  1. [14], 2. [7]
Wygrał Gracz 1

RUNDA 156.
Gracz 1: [6, 9, 12, 9, 2, 3, 3, 3, 8, 10, 14, 3, 7, 14, 9, 9, 11, 11, 12, 5, 11, 6, 5, 4, 14, 7]
Gracz 2: [12, 5, 6, 10, 4, 2, 2, 10, 2, 13, 8, 13, 5, 6, 8, 13, 12, 7, 7, 13, 8, 14, 4, 11, 4, 10]
Na stole:  1. [6], 2. [12]
Wygrał Gracz 2

RUNDA 157.
Gracz 1: [9, 12, 9, 2, 3, 3, 3, 8, 10, 14, 3, 7, 14, 9, 9, 11, 11, 12, 5, 11, 6, 5, 4, 14, 7]
Gracz 2: [5, 6, 10, 4, 2, 2, 10, 2, 13, 8, 13, 5, 6, 8, 13, 12, 7, 7, 13, 8, 14, 4, 11, 4, 10, 6, 12]
Na stole:  1. [9], 2. [5]
Wygrał Gracz 1

RUNDA 158.
Gracz 1: [12, 9, 2, 3, 3, 3, 8, 10, 14, 3, 7, 14, 9, 9, 11, 11, 12, 5, 11, 6, 5, 4, 14, 7, 9, 5]
Gracz 2: [6, 10, 4, 2, 2, 10, 2, 13, 8, 13, 5, 6, 8, 13, 12, 7, 7, 13, 8, 14, 4, 11, 4, 10, 6, 12]
Na stole:  1. [12], 2. [6]
Wygrał Gracz 1

RUNDA 159.
Gracz 1: [9, 2, 3, 3, 3, 8, 10, 14, 3, 7, 14, 9, 9, 11, 11, 12, 5, 11, 6, 5, 4, 14, 7, 9, 5, 12, 6]
Gracz 2: [10, 4, 2, 2, 10, 2, 13, 8, 13, 5, 6, 8, 13, 12, 7, 7, 13, 8, 14, 4, 11, 4, 10, 6, 12]
Na stole:  1. [9], 2. [10]
Wygrał Gracz 2

tasowanie
RUNDA 160.
Gracz 1: [7, 11, 2, 3, 5, 9, 7, 12, 9, 11, 5, 11, 4, 8, 14, 6, 5, 3, 14, 3, 12, 6, 9, 10, 14, 3]
Gracz 2: [8, 4, 8, 10, 10, 10, 6, 4, 13, 2, 11, 4, 2, 5, 9, 13, 2, 6, 12, 13, 12, 14, 7, 8, 7, 13]
Na stole:  1. [7], 2. [8]
Wygrał Gracz 2

RUNDA 161.
Gracz 1: [11, 2, 3, 5, 9, 7, 12, 9, 11, 5, 11, 4, 8, 14, 6, 5, 3, 14, 3, 12, 6, 9, 10, 14, 3]
Gracz 2: [4, 8, 10, 10, 10, 6, 4, 13, 2, 11, 4, 2, 5, 9, 13, 2, 6, 12, 13, 12, 14, 7, 8, 7, 13, 7, 8]
Na stole:  1. [11], 2. [4]
Wygrał Gracz 1

RUNDA 162.
Gracz 1: [2, 3, 5, 9, 7, 12, 9, 11, 5, 11, 4, 8, 14, 6, 5, 3, 14, 3, 12, 6, 9, 10, 14, 3, 11, 4]
Gracz 2: [8, 10, 10, 10, 6, 4, 13, 2, 11, 4, 2, 5, 9, 13, 2, 6, 12, 13, 12, 14, 7, 8, 7, 13, 7, 8]
Na stole:  1. [2], 2. [8]
Wygrał Gracz 2

RUNDA 163.
Gracz 1: [3, 5, 9, 7, 12, 9, 11, 5, 11, 4, 8, 14, 6, 5, 3, 14, 3, 12, 6, 9, 10, 14, 3, 11, 4]
Gracz 2: [10, 10, 10, 6, 4, 13, 2, 11, 4, 2, 5, 9, 13, 2, 6, 12, 13, 12, 14, 7, 8, 7, 13, 7, 8, 2, 8]
Na stole:  1. [3], 2. [10]
Wygrał Gracz 2

RUNDA 164.
Gracz 1: [5, 9, 7, 12, 9, 11, 5, 11, 4, 8, 14, 6, 5, 3, 14, 3, 12, 6, 9, 10, 14, 3, 11, 4]
Gracz 2: [10, 10, 6, 4, 13, 2, 11, 4, 2, 5, 9, 13, 2, 6, 12, 13, 12, 14, 7, 8, 7, 13, 7, 8, 2, 8, 3, 10]
Na stole:  1. [5], 2. [10]
Wygrał Gracz 2

RUNDA 165.
Gracz 1: [9, 7, 12, 9, 11, 5, 11, 4, 8, 14, 6, 5, 3, 14, 3, 12, 6, 9, 10, 14, 3, 11, 4]
Gracz 2: [10, 6, 4, 13, 2, 11, 4, 2, 5, 9, 13, 2, 6, 12, 13, 12, 14, 7, 8, 7, 13, 7, 8, 2, 8, 3, 10, 5, 10]
Na stole:  1. [9], 2. [10]
Wygrał Gracz 2

RUNDA 166.
Gracz 1: [7, 12, 9, 11, 5, 11, 4, 8, 14, 6, 5, 3, 14, 3, 12, 6, 9, 10, 14, 3, 11, 4]
Gracz 2: [6, 4, 13, 2, 11, 4, 2, 5, 9, 13, 2, 6, 12, 13, 12, 14, 7, 8, 7, 13, 7, 8, 2, 8, 3, 10, 5, 10, 9, 10]
Na stole:  1. [7], 2. [6]
Wygrał Gracz 1

RUNDA 167.
Gracz 1: [12, 9, 11, 5, 11, 4, 8, 14, 6, 5, 3, 14, 3, 12, 6, 9, 10, 14, 3, 11, 4, 7, 6]
Gracz 2: [4, 13, 2, 11, 4, 2, 5, 9, 13, 2, 6, 12, 13, 12, 14, 7, 8, 7, 13, 7, 8, 2, 8, 3, 10, 5, 10, 9, 10]
Na stole:  1. [12], 2. [4]
Wygrał Gracz 1

RUNDA 168.
Gracz 1: [9, 11, 5, 11, 4, 8, 14, 6, 5, 3, 14, 3, 12, 6, 9, 10, 14, 3, 11, 4, 7, 6, 12, 4]
Gracz 2: [13, 2, 11, 4, 2, 5, 9, 13, 2, 6, 12, 13, 12, 14, 7, 8, 7, 13, 7, 8, 2, 8, 3, 10, 5, 10, 9, 10]
Na stole:  1. [9], 2. [13]
Wygrał Gracz 2

RUNDA 169.
Gracz 1: [11, 5, 11, 4, 8, 14, 6, 5, 3, 14, 3, 12, 6, 9, 10, 14, 3, 11, 4, 7, 6, 12, 4]
Gracz 2: [2, 11, 4, 2, 5, 9, 13, 2, 6, 12, 13, 12, 14, 7, 8, 7, 13, 7, 8, 2, 8, 3, 10, 5, 10, 9, 10, 9, 13]
Na stole:  1. [11], 2. [2]
Wygrał Gracz 1

tasowanie
RUNDA 170.
Gracz 1: [11, 6, 6, 11, 14, 5, 4, 10, 3, 4, 11, 14, 8, 3, 2, 14, 6, 12, 12, 4, 5, 3, 9, 7]
Gracz 2: [2, 13, 9, 4, 10, 5, 12, 7, 2, 7, 13, 11, 13, 5, 8, 3, 2, 6, 12, 9, 8, 7, 9, 10, 10, 8, 13, 14]
Na stole:  1. [11], 2. [2]
Wygrał Gracz 1

RUNDA 171.
Gracz 1: [6, 6, 11, 14, 5, 4, 10, 3, 4, 11, 14, 8, 3, 2, 14, 6, 12, 12, 4, 5, 3, 9, 7, 11, 2]
Gracz 2: [13, 9, 4, 10, 5, 12, 7, 2, 7, 13, 11, 13, 5, 8, 3, 2, 6, 12, 9, 8, 7, 9, 10, 10, 8, 13, 14]
Na stole:  1. [6], 2. [13]
Wygrał Gracz 2

RUNDA 172.
Gracz 1: [6, 11, 14, 5, 4, 10, 3, 4, 11, 14, 8, 3, 2, 14, 6, 12, 12, 4, 5, 3, 9, 7, 11, 2]
Gracz 2: [9, 4, 10, 5, 12, 7, 2, 7, 13, 11, 13, 5, 8, 3, 2, 6, 12, 9, 8, 7, 9, 10, 10, 8, 13, 14, 6, 13]
Na stole:  1. [6], 2. [9]
Wygrał Gracz 2

RUNDA 173.
Gracz 1: [11, 14, 5, 4, 10, 3, 4, 11, 14, 8, 3, 2, 14, 6, 12, 12, 4, 5, 3, 9, 7, 11, 2]
Gracz 2: [4, 10, 5, 12, 7, 2, 7, 13, 11, 13, 5, 8, 3, 2, 6, 12, 9, 8, 7, 9, 10, 10, 8, 13, 14, 6, 13, 6, 9]
Na stole:  1. [11], 2. [4]
Wygrał Gracz 1

RUNDA 174.
Gracz 1: [14, 5, 4, 10, 3, 4, 11, 14, 8, 3, 2, 14, 6, 12, 12, 4, 5, 3, 9, 7, 11, 2, 11, 4]
Gracz 2: [10, 5, 12, 7, 2, 7, 13, 11, 13, 5, 8, 3, 2, 6, 12, 9, 8, 7, 9, 10, 10, 8, 13, 14, 6, 13, 6, 9]
Na stole:  1. [14], 2. [10]
Wygrał Gracz 1

RUNDA 175.
Gracz 1: [5, 4, 10, 3, 4, 11, 14, 8, 3, 2, 14, 6, 12, 12, 4, 5, 3, 9, 7, 11, 2, 11, 4, 14, 10]
Gracz 2: [5, 12, 7, 2, 7, 13, 11, 13, 5, 8, 3, 2, 6, 12, 9, 8, 7, 9, 10, 10, 8, 13, 14, 6, 13, 6, 9]
Na stole:  1. [5], 2. [5]
WOJNA!
Na stole:  1. [5, 4, 10], 2. [5, 12, 7]
Wygrał Gracz 1

RUNDA 176.
Gracz 1: [3, 4, 11, 14, 8, 3, 2, 14, 6, 12, 12, 4, 5, 3, 9, 7, 11, 2, 11, 4, 14, 10, 5, 4, 10, 5, 12, 7]
Gracz 2: [2, 7, 13, 11, 13, 5, 8, 3, 2, 6, 12, 9, 8, 7, 9, 10, 10, 8, 13, 14, 6, 13, 6, 9]
Na stole:  1. [3], 2. [2]
Wygrał Gracz 1

RUNDA 177.
Gracz 1: [4, 11, 14, 8, 3, 2, 14, 6, 12, 12, 4, 5, 3, 9, 7, 11, 2, 11, 4, 14, 10, 5, 4, 10, 5, 12, 7, 3, 2]
Gracz 2: [7, 13, 11, 13, 5, 8, 3, 2, 6, 12, 9, 8, 7, 9, 10, 10, 8, 13, 14, 6, 13, 6, 9]
Na stole:  1. [4], 2. [7]
Wygrał Gracz 2

RUNDA 178.
Gracz 1: [11, 14, 8, 3, 2, 14, 6, 12, 12, 4, 5, 3, 9, 7, 11, 2, 11, 4, 14, 10, 5, 4, 10, 5, 12, 7, 3, 2]
Gracz 2: [13, 11, 13, 5, 8, 3, 2, 6, 12, 9, 8, 7, 9, 10, 10, 8, 13, 14, 6, 13, 6, 9, 4, 7]
Na stole:  1. [11], 2. [13]
Wygrał Gracz 2

RUNDA 179.
Gracz 1: [14, 8, 3, 2, 14, 6, 12, 12, 4, 5, 3, 9, 7, 11, 2, 11, 4, 14, 10, 5, 4, 10, 5, 12, 7, 3, 2]
Gracz 2: [11, 13, 5, 8, 3, 2, 6, 12, 9, 8, 7, 9, 10, 10, 8, 13, 14, 6, 13, 6, 9, 4, 7, 11, 13]
Na stole:  1. [14], 2. [11]
Wygrał Gracz 1

tasowanie
RUNDA 180.
Gracz 1: [2, 14, 7, 3, 12, 10, 11, 3, 9, 2, 14, 14, 8, 11, 6, 10, 5, 5, 5, 3, 7, 2, 4, 11, 4, 12, 12, 4]
Gracz 2: [8, 14, 3, 10, 9, 9, 12, 13, 7, 13, 11, 6, 8, 6, 13, 10, 7, 2, 4, 13, 6, 8, 9, 5]
Na stole:  1. [2], 2. [8]
Wygrał Gracz 2

RUNDA 181.
Gracz 1: [14, 7, 3, 12, 10, 11, 3, 9, 2, 14, 14, 8, 11, 6, 10, 5, 5, 5, 3, 7, 2, 4, 11, 4, 12, 12, 4]
Gracz 2: [14, 3, 10, 9, 9, 12, 13, 7, 13, 11, 6, 8, 6, 13, 10, 7, 2, 4, 13, 6, 8, 9, 5, 2, 8]
Na stole:  1. [14], 2. [14]
WOJNA!
Na stole:  1. [14, 7, 3], 2. [14, 3, 10]
Wygrał Gracz 2

RUNDA 182.
Gracz 1: [12, 10, 11, 3, 9, 2, 14, 14, 8, 11, 6, 10, 5, 5, 5, 3, 7, 2, 4, 11, 4, 12, 12, 4]
Gracz 2: [9, 9, 12, 13, 7, 13, 11, 6, 8, 6, 13, 10, 7, 2, 4, 13, 6, 8, 9, 5, 2, 8, 14, 7, 3, 14, 3, 10]
Na stole:  1. [12], 2. [9]
Wygrał Gracz 1

RUNDA 183.
Gracz 1: [10, 11, 3, 9, 2, 14, 14, 8, 11, 6, 10, 5, 5, 5, 3, 7, 2, 4, 11, 4, 12, 12, 4, 12, 9]
Gracz 2: [9, 12, 13, 7, 13, 11, 6, 8, 6, 13, 10, 7, 2, 4, 13, 6, 8, 9, 5, 2, 8, 14, 7, 3, 14, 3, 10]
Na stole:  1. [10], 2. [9]
Wygrał Gracz 1

RUNDA 184.
Gracz 1: [11, 3, 9, 2, 14, 14, 8, 11, 6, 10, 5, 5, 5, 3, 7, 2, 4, 11, 4, 12, 12, 4, 12, 9, 10, 9]
Gracz 2: [12, 13, 7, 13, 11, 6, 8, 6, 13, 10, 7, 2, 4, 13, 6, 8, 9, 5, 2, 8, 14, 7, 3, 14, 3, 10]
Na stole:  1. [11], 2. [12]
Wygrał Gracz 2

RUNDA 185.
Gracz 1: [3, 9, 2, 14, 14, 8, 11, 6, 10, 5, 5, 5, 3, 7, 2, 4, 11, 4, 12, 12, 4, 12, 9, 10, 9]
Gracz 2: [13, 7, 13, 11, 6, 8, 6, 13, 10, 7, 2, 4, 13, 6, 8, 9, 5, 2, 8, 14, 7, 3, 14, 3, 10, 11, 12]
Na stole:  1. [3], 2. [13]
Wygrał Gracz 2

RUNDA 186.
Gracz 1: [9, 2, 14, 14, 8, 11, 6, 10, 5, 5, 5, 3, 7, 2, 4, 11, 4, 12, 12, 4, 12, 9, 10, 9]
Gracz 2: [7, 13, 11, 6, 8, 6, 13, 10, 7, 2, 4, 13, 6, 8, 9, 5, 2, 8, 14, 7, 3, 14, 3, 10, 11, 12, 3, 13]
Na stole:  1. [9], 2. [7]
Wygrał Gracz 1

RUNDA 187.
Gracz 1: [2, 14, 14, 8, 11, 6, 10, 5, 5, 5, 3, 7, 2, 4, 11, 4, 12, 12, 4, 12, 9, 10, 9, 9, 7]
Gracz 2: [13, 11, 6, 8, 6, 13, 10, 7, 2, 4, 13, 6, 8, 9, 5, 2, 8, 14, 7, 3, 14, 3, 10, 11, 12, 3, 13]
Na stole:  1. [2], 2. [13]
Wygrał Gracz 2

RUNDA 188.
Gracz 1: [14, 14, 8, 11, 6, 10, 5, 5, 5, 3, 7, 2, 4, 11, 4, 12, 12, 4, 12, 9, 10, 9, 9, 7]
Gracz 2: [11, 6, 8, 6, 13, 10, 7, 2, 4, 13, 6, 8, 9, 5, 2, 8, 14, 7, 3, 14, 3, 10, 11, 12, 3, 13, 2, 13]
Na stole:  1. [14], 2. [11]
Wygrał Gracz 1

RUNDA 189.
Gracz 1: [14, 8, 11, 6, 10, 5, 5, 5, 3, 7, 2, 4, 11, 4, 12, 12, 4, 12, 9, 10, 9, 9, 7, 14, 11]
Gracz 2: [6, 8, 6, 13, 10, 7, 2, 4, 13, 6, 8, 9, 5, 2, 8, 14, 7, 3, 14, 3, 10, 11, 12, 3, 13, 2, 13]
Na stole:  1. [14], 2. [6]
Wygrał Gracz 1

tasowanie
RUNDA 190.
Gracz 1: [14, 8, 6, 2, 3, 12, 4, 9, 12, 14, 5, 11, 11, 9, 9, 4, 11, 4, 5, 6, 7, 7, 12, 5, 10, 10]
Gracz 2: [6, 4, 12, 5, 2, 7, 8, 13, 10, 14, 6, 13, 8, 3, 10, 9, 13, 3, 11, 8, 14, 2, 7, 3, 13, 2]
Na stole:  1. [14], 2. [6]
Wygrał Gracz 1

RUNDA 191.
Gracz 1: [8, 6, 2, 3, 12, 4, 9, 12, 14, 5, 11, 11, 9, 9, 4, 11, 4, 5, 6, 7, 7, 12, 5, 10, 10, 14, 6]
Gracz 2: [4, 12, 5, 2, 7, 8, 13, 10, 14, 6, 13, 8, 3, 10, 9, 13, 3, 11, 8, 14, 2, 7, 3, 13, 2]
Na stole:  1. [8], 2. [4]
Wygrał Gracz 1

RUNDA 192.
Gracz 1: [6, 2, 3, 12, 4, 9, 12, 14, 5, 11, 11, 9, 9, 4, 11, 4, 5, 6, 7, 7, 12, 5, 10, 10, 14, 6, 8, 4]
Gracz 2: [12, 5, 2, 7, 8, 13, 10, 14, 6, 13, 8, 3, 10, 9, 13, 3, 11, 8, 14, 2, 7, 3, 13, 2]
Na stole:  1. [6], 2. [12]
Wygrał Gracz 2

RUNDA 193.
Gracz 1: [2, 3, 12, 4, 9, 12, 14, 5, 11, 11, 9, 9, 4, 11, 4, 5, 6, 7, 7, 12, 5, 10, 10, 14, 6, 8, 4]
Gracz 2: [5, 2, 7, 8, 13, 10, 14, 6, 13, 8, 3, 10, 9, 13, 3, 11, 8, 14, 2, 7, 3, 13, 2, 6, 12]
Na stole:  1. [2], 2. [5]
Wygrał Gracz 2

RUNDA 194.
Gracz 1: [3, 12, 4, 9, 12, 14, 5, 11, 11, 9, 9, 4, 11, 4, 5, 6, 7, 7, 12, 5, 10, 10, 14, 6, 8, 4]
Gracz 2: [2, 7, 8, 13, 10, 14, 6, 13, 8, 3, 10, 9, 13, 3, 11, 8, 14, 2, 7, 3, 13, 2, 6, 12, 2, 5]
Na stole:  1. [3], 2. [2]
Wygrał Gracz 1

RUNDA 195.
Gracz 1: [12, 4, 9, 12, 14, 5, 11, 11, 9, 9, 4, 11, 4, 5, 6, 7, 7, 12, 5, 10, 10, 14, 6, 8, 4, 3, 2]
Gracz 2: [7, 8, 13, 10, 14, 6, 13, 8, 3, 10, 9, 13, 3, 11, 8, 14, 2, 7, 3, 13, 2, 6, 12, 2, 5]
Na stole:  1. [12], 2. [7]
Wygrał Gracz 1

RUNDA 196.
Gracz 1: [4, 9, 12, 14, 5, 11, 11, 9, 9, 4, 11, 4, 5, 6, 7, 7, 12, 5, 10, 10, 14, 6, 8, 4, 3, 2, 12, 7]
Gracz 2: [8, 13, 10, 14, 6, 13, 8, 3, 10, 9, 13, 3, 11, 8, 14, 2, 7, 3, 13, 2, 6, 12, 2, 5]
Na stole:  1. [4], 2. [8]
Wygrał Gracz 2

RUNDA 197.
Gracz 1: [9, 12, 14, 5, 11, 11, 9, 9, 4, 11, 4, 5, 6, 7, 7, 12, 5, 10, 10, 14, 6, 8, 4, 3, 2, 12, 7]
Gracz 2: [13, 10, 14, 6, 13, 8, 3, 10, 9, 13, 3, 11, 8, 14, 2, 7, 3, 13, 2, 6, 12, 2, 5, 4, 8]
Na stole:  1. [9], 2. [13]
Wygrał Gracz 2

RUNDA 198.
Gracz 1: [12, 14, 5, 11, 11, 9, 9, 4, 11, 4, 5, 6, 7, 7, 12, 5, 10, 10, 14, 6, 8, 4, 3, 2, 12, 7]
Gracz 2: [10, 14, 6, 13, 8, 3, 10, 9, 13, 3, 11, 8, 14, 2, 7, 3, 13, 2, 6, 12, 2, 5, 4, 8, 9, 13]
Na stole:  1. [12], 2. [10]
Wygrał Gracz 1

RUNDA 199.
Gracz 1: [14, 5, 11, 11, 9, 9, 4, 11, 4, 5, 6, 7, 7, 12, 5, 10, 10, 14, 6, 8, 4, 3, 2, 12, 7, 12, 10]
Gracz 2: [14, 6, 13, 8, 3, 10, 9, 13, 3, 11, 8, 14, 2, 7, 3, 13, 2, 6, 12, 2, 5, 4, 8, 9, 13]
Na stole:  1. [14], 2. [14]
WOJNA!
Na stole:  1. [14, 5, 11], 2. [14, 6, 13]
Wygrał Gracz 2

tasowanie
RUNDA 200.
Gracz 1: [6, 12, 9, 9, 10, 4, 6, 8, 11, 3, 2, 5, 7, 12, 11, 10, 12, 4, 7, 5, 14, 10, 7, 4]
Gracz 2: [14, 6, 3, 8, 14, 3, 12, 2, 7, 10, 11, 2, 13, 5, 9, 3, 2, 9, 14, 13, 8, 8, 6, 11, 4, 13, 5, 13]
Na stole:  1. [6], 2. [14]
Wygrał Gracz 2

RUNDA 201.
Gracz 1: [12, 9, 9, 10, 4, 6, 8, 11, 3, 2, 5, 7, 12, 11, 10, 12, 4, 7, 5, 14, 10, 7, 4]
Gracz 2: [6, 3, 8, 14, 3, 12, 2, 7, 10, 11, 2, 13, 5, 9, 3, 2, 9, 14, 13, 8, 8, 6, 11, 4, 13, 5, 13, 6, 14]
Na stole:  1. [12], 2. [6]
Wygrał Gracz 1

RUNDA 202.
Gracz 1: [9, 9, 10, 4, 6, 8, 11, 3, 2, 5, 7, 12, 11, 10, 12, 4, 7, 5, 14, 10, 7, 4, 12, 6]
Gracz 2: [3, 8, 14, 3, 12, 2, 7, 10, 11, 2, 13, 5, 9, 3, 2, 9, 14, 13, 8, 8, 6, 11, 4, 13, 5, 13, 6, 14]
Na stole:  1. [9], 2. [3]
Wygrał Gracz 1

RUNDA 203.
Gracz 1: [9, 10, 4, 6, 8, 11, 3, 2, 5, 7, 12, 11, 10, 12, 4, 7, 5, 14, 10, 7, 4, 12, 6, 9, 3]
Gracz 2: [8, 14, 3, 12, 2, 7, 10, 11, 2, 13, 5, 9, 3, 2, 9, 14, 13, 8, 8, 6, 11, 4, 13, 5, 13, 6, 14]
Na stole:  1. [9], 2. [8]
Wygrał Gracz 1

RUNDA 204.
Gracz 1: [10, 4, 6, 8, 11, 3, 2, 5, 7, 12, 11, 10, 12, 4, 7, 5, 14, 10, 7, 4, 12, 6, 9, 3, 9, 8]
Gracz 2: [14, 3, 12, 2, 7, 10, 11, 2, 13, 5, 9, 3, 2, 9, 14, 13, 8, 8, 6, 11, 4, 13, 5, 13, 6, 14]
Na stole:  1. [10], 2. [14]
Wygrał Gracz 2

RUNDA 205.
Gracz 1: [4, 6, 8, 11, 3, 2, 5, 7, 12, 11, 10, 12, 4, 7, 5, 14, 10, 7, 4, 12, 6, 9, 3, 9, 8]
Gracz 2: [3, 12, 2, 7, 10, 11, 2, 13, 5, 9, 3, 2, 9, 14, 13, 8, 8, 6, 11, 4, 13, 5, 13, 6, 14, 10, 14]
Na stole:  1. [4], 2. [3]
Wygrał Gracz 1

RUNDA 206.
Gracz 1: [6, 8, 11, 3, 2, 5, 7, 12, 11, 10, 12, 4, 7, 5, 14, 10, 7, 4, 12, 6, 9, 3, 9, 8, 4, 3]
Gracz 2: [12, 2, 7, 10, 11, 2, 13, 5, 9, 3, 2, 9, 14, 13, 8, 8, 6, 11, 4, 13, 5, 13, 6, 14, 10, 14]
Na stole:  1. [6], 2. [12]
Wygrał Gracz 2

RUNDA 207.
Gracz 1: [8, 11, 3, 2, 5, 7, 12, 11, 10, 12, 4, 7, 5, 14, 10, 7, 4, 12, 6, 9, 3, 9, 8, 4, 3]
Gracz 2: [2, 7, 10, 11, 2, 13, 5, 9, 3, 2, 9, 14, 13, 8, 8, 6, 11, 4, 13, 5, 13, 6, 14, 10, 14, 6, 12]
Na stole:  1. [8], 2. [2]
Wygrał Gracz 1

RUNDA 208.
Gracz 1: [11, 3, 2, 5, 7, 12, 11, 10, 12, 4, 7, 5, 14, 10, 7, 4, 12, 6, 9, 3, 9, 8, 4, 3, 8, 2]
Gracz 2: [7, 10, 11, 2, 13, 5, 9, 3, 2, 9, 14, 13, 8, 8, 6, 11, 4, 13, 5, 13, 6, 14, 10, 14, 6, 12]
Na stole:  1. [11], 2. [7]
Wygrał Gracz 1

RUNDA 209.
Gracz 1: [3, 2, 5, 7, 12, 11, 10, 12, 4, 7, 5, 14, 10, 7, 4, 12, 6, 9, 3, 9, 8, 4, 3, 8, 2, 11, 7]
Gracz 2: [10, 11, 2, 13, 5, 9, 3, 2, 9, 14, 13, 8, 8, 6, 11, 4, 13, 5, 13, 6, 14, 10, 14, 6, 12]
Na stole:  1. [3], 2. [10]
Wygrał Gracz 2

tasowanie
RUNDA 210.
Gracz 1: [12, 2, 10, 8, 4, 2, 7, 14, 3, 5, 11, 11, 9, 9, 7, 8, 12, 10, 7, 3, 5, 7, 4, 12, 6, 4]
Gracz 2: [6, 3, 11, 3, 11, 10, 2, 13, 13, 8, 13, 10, 14, 4, 12, 9, 6, 14, 6, 9, 14, 13, 5, 2, 5, 8]
Na stole:  1. [12], 2. [6]
Wygrał Gracz 1

RUNDA 211.
Gracz 1: [2, 10, 8, 4, 2, 7, 14, 3, 5, 11, 11, 9, 9, 7, 8, 12, 10, 7, 3, 5, 7, 4, 12, 6, 4, 12, 6]
Gracz 2: [3, 11, 3, 11, 10, 2, 13, 13, 8, 13, 10, 14, 4, 12, 9, 6, 14, 6, 9, 14, 13, 5, 2, 5, 8]
Na stole:  1. [2], 2. [3]
Wygrał Gracz 2

RUNDA 212.
Gracz 1: [10, 8, 4, 2, 7, 14, 3, 5, 11, 11, 9, 9, 7, 8, 12, 10, 7, 3, 5, 7, 4, 12, 6, 4, 12, 6]
Gracz 2: [11, 3, 11, 10, 2, 13, 13, 8, 13, 10, 14, 4, 12, 9, 6, 14, 6, 9, 14, 13, 5, 2, 5, 8, 2, 3]
Na stole:  1. [10], 2. [11]
Wygrał Gracz 2

RUNDA 213.
Gracz 1: [8, 4, 2, 7, 14, 3, 5, 11, 11, 9, 9, 7, 8, 12, 10, 7, 3, 5, 7, 4, 12, 6, 4, 12, 6]
Gracz 2: [3, 11, 10, 2, 13, 13, 8, 13, 10, 14, 4, 12, 9, 6, 14, 6, 9, 14, 13, 5, 2, 5, 8, 2, 3, 10, 11]
Na stole:  1. [8], 2. [3]
Wygrał Gracz 1

RUNDA 214.
Gracz 1: [4, 2, 7, 14, 3, 5, 11, 11, 9, 9, 7, 8, 12, 10, 7, 3, 5, 7, 4, 12, 6, 4, 12, 6, 8, 3]
Gracz 2: [11, 10, 2, 13, 13, 8, 13, 10, 14, 4, 12, 9, 6, 14, 6, 9, 14, 13, 5, 2, 5, 8, 2, 3, 10, 11]
Na stole:  1. [4], 2. [11]
Wygrał Gracz 2

RUNDA 215.
Gracz 1: [2, 7, 14, 3, 5, 11, 11, 9, 9, 7, 8, 12, 10, 7, 3, 5, 7, 4, 12, 6, 4, 12, 6, 8, 3]
Gracz 2: [10, 2, 13, 13, 8, 13, 10, 14, 4, 12, 9, 6, 14, 6, 9, 14, 13, 5, 2, 5, 8, 2, 3, 10, 11, 4, 11]
Na stole:  1. [2], 2. [10]
Wygrał Gracz 2

RUNDA 216.
Gracz 1: [7, 14, 3, 5, 11, 11, 9, 9, 7, 8, 12, 10, 7, 3, 5, 7, 4, 12, 6, 4, 12, 6, 8, 3]
Gracz 2: [2, 13, 13, 8, 13, 10, 14, 4, 12, 9, 6, 14, 6, 9, 14, 13, 5, 2, 5, 8, 2, 3, 10, 11, 4, 11, 2, 10]
Na stole:  1. [7], 2. [2]
Wygrał Gracz 1

RUNDA 217.
Gracz 1: [14, 3, 5, 11, 11, 9, 9, 7, 8, 12, 10, 7, 3, 5, 7, 4, 12, 6, 4, 12, 6, 8, 3, 7, 2]
Gracz 2: [13, 13, 8, 13, 10, 14, 4, 12, 9, 6, 14, 6, 9, 14, 13, 5, 2, 5, 8, 2, 3, 10, 11, 4, 11, 2, 10]
Na stole:  1. [14], 2. [13]
Wygrał Gracz 1

RUNDA 218.
Gracz 1: [3, 5, 11, 11, 9, 9, 7, 8, 12, 10, 7, 3, 5, 7, 4, 12, 6, 4, 12, 6, 8, 3, 7, 2, 14, 13]
Gracz 2: [13, 8, 13, 10, 14, 4, 12, 9, 6, 14, 6, 9, 14, 13, 5, 2, 5, 8, 2, 3, 10, 11, 4, 11, 2, 10]
Na stole:  1. [3], 2. [13]
Wygrał Gracz 2

RUNDA 219.
Gracz 1: [5, 11, 11, 9, 9, 7, 8, 12, 10, 7, 3, 5, 7, 4, 12, 6, 4, 12, 6, 8, 3, 7, 2, 14, 13]
Gracz 2: [8, 13, 10, 14, 4, 12, 9, 6, 14, 6, 9, 14, 13, 5, 2, 5, 8, 2, 3, 10, 11, 4, 11, 2, 10, 3, 13]
Na stole:  1. [5], 2. [8]
Wygrał Gracz 2

tasowanie
RUNDA 220.
Gracz 1: [4, 5, 11, 11, 7, 10, 7, 6, 7, 9, 12, 9, 8, 4, 8, 3, 2, 6, 3, 13, 7, 12, 14, 12]
Gracz 2: [2, 6, 5, 2, 11, 14, 8, 2, 13, 8, 5, 3, 14, 13, 4, 9, 10, 10, 10, 3, 6, 14, 12, 11, 4, 9, 5, 13]
Na stole:  1. [4], 2. [2]
Wygrał Gracz 1

RUNDA 221.
Gracz 1: [5, 11, 11, 7, 10, 7, 6, 7, 9, 12, 9, 8, 4, 8, 3, 2, 6, 3, 13, 7, 12, 14, 12, 4, 2]
Gracz 2: [6, 5, 2, 11, 14, 8, 2, 13, 8, 5, 3, 14, 13, 4, 9, 10, 10, 10, 3, 6, 14, 12, 11, 4, 9, 5, 13]
Na stole:  1. [5], 2. [6]
Wygrał Gracz 2

RUNDA 222.
Gracz 1: [11, 11, 7, 10, 7, 6, 7, 9, 12, 9, 8, 4, 8, 3, 2, 6, 3, 13, 7, 12, 14, 12, 4, 2]
Gracz 2: [5, 2, 11, 14, 8, 2, 13, 8, 5, 3, 14, 13, 4, 9, 10, 10, 10, 3, 6, 14, 12, 11, 4, 9, 5, 13, 5, 6]
Na stole:  1. [11], 2. [5]
Wygrał Gracz 1

RUNDA 223.
Gracz 1: [11, 7, 10, 7, 6, 7, 9, 12, 9, 8, 4, 8, 3, 2, 6, 3, 13, 7, 12, 14, 12, 4, 2, 11, 5]
Gracz 2: [2, 11, 14, 8, 2, 13, 8, 5, 3, 14, 13, 4, 9, 10, 10, 10, 3, 6, 14, 12, 11, 4, 9, 5, 13, 5, 6]
Na stole:  1. [11], 2. [2]
Wygrał Gracz 1

RUNDA 224.
Gracz 1: [7, 10, 7, 6, 7, 9, 12, 9, 8, 4, 8, 3, 2, 6, 3, 13, 7, 12, 14, 12, 4, 2, 11, 5, 11, 2]
Gracz 2: [11, 14, 8, 2, 13, 8, 5, 3, 14, 13, 4, 9, 10, 10, 10, 3, 6, 14, 12, 11, 4, 9, 5, 13, 5, 6]
Na stole:  1. [7], 2. [11]
Wygrał Gracz 2

RUNDA 225.
Gracz 1: [10, 7, 6, 7, 9, 12, 9, 8, 4, 8, 3, 2, 6, 3, 13, 7, 12, 14, 12, 4, 2, 11, 5, 11, 2]
Gracz 2: [14, 8, 2, 13, 8, 5, 3, 14, 13, 4, 9, 10, 10, 10, 3, 6, 14, 12, 11, 4, 9, 5, 13, 5, 6, 7, 11]
Na stole:  1. [10], 2. [14]
Wygrał Gracz 2

RUNDA 226.
Gracz 1: [7, 6, 7, 9, 12, 9, 8, 4, 8, 3, 2, 6, 3, 13, 7, 12, 14, 12, 4, 2, 11, 5, 11, 2]
Gracz 2: [8, 2, 13, 8, 5, 3, 14, 13, 4, 9, 10, 10, 10, 3, 6, 14, 12, 11, 4, 9, 5, 13, 5, 6, 7, 11, 10, 14]
Na stole:  1. [7], 2. [8]
Wygrał Gracz 2

RUNDA 227.
Gracz 1: [6, 7, 9, 12, 9, 8, 4, 8, 3, 2, 6, 3, 13, 7, 12, 14, 12, 4, 2, 11, 5, 11, 2]
Gracz 2: [2, 13, 8, 5, 3, 14, 13, 4, 9, 10, 10, 10, 3, 6, 14, 12, 11, 4, 9, 5, 13, 5, 6, 7, 11, 10, 14, 7, 8]
Na stole:  1. [6], 2. [2]
Wygrał Gracz 1

RUNDA 228.
Gracz 1: [7, 9, 12, 9, 8, 4, 8, 3, 2, 6, 3, 13, 7, 12, 14, 12, 4, 2, 11, 5, 11, 2, 6, 2]
Gracz 2: [13, 8, 5, 3, 14, 13, 4, 9, 10, 10, 10, 3, 6, 14, 12, 11, 4, 9, 5, 13, 5, 6, 7, 11, 10, 14, 7, 8]
Na stole:  1. [7], 2. [13]
Wygrał Gracz 2

RUNDA 229.
Gracz 1: [9, 12, 9, 8, 4, 8, 3, 2, 6, 3, 13, 7, 12, 14, 12, 4, 2, 11, 5, 11, 2, 6, 2]
Gracz 2: [8, 5, 3, 14, 13, 4, 9, 10, 10, 10, 3, 6, 14, 12, 11, 4, 9, 5, 13, 5, 6, 7, 11, 10, 14, 7, 8, 7, 13]
Na stole:  1. [9], 2. [8]
Wygrał Gracz 1

tasowanie
RUNDA 230.
Gracz 1: [9, 8, 8, 2, 14, 11, 5, 2, 12, 9, 3, 2, 12, 13, 4, 12, 4, 6, 3, 11, 8, 6, 7, 2]
Gracz 2: [14, 4, 10, 7, 13, 6, 14, 10, 10, 9, 3, 9, 7, 12, 4, 5, 5, 3, 5, 13, 7, 10, 6, 8, 11, 13, 14, 11]
Na stole:  1. [9], 2. [14]
Wygrał Gracz 2

RUNDA 231.
Gracz 1: [8, 8, 2, 14, 11, 5, 2, 12, 9, 3, 2, 12, 13, 4, 12, 4, 6, 3, 11, 8, 6, 7, 2]
Gracz 2: [4, 10, 7, 13, 6, 14, 10, 10, 9, 3, 9, 7, 12, 4, 5, 5, 3, 5, 13, 7, 10, 6, 8, 11, 13, 14, 11, 9, 14]
Na stole:  1. [8], 2. [4]
Wygrał Gracz 1

RUNDA 232.
Gracz 1: [8, 2, 14, 11, 5, 2, 12, 9, 3, 2, 12, 13, 4, 12, 4, 6, 3, 11, 8, 6, 7, 2, 8, 4]
Gracz 2: [10, 7, 13, 6, 14, 10, 10, 9, 3, 9, 7, 12, 4, 5, 5, 3, 5, 13, 7, 10, 6, 8, 11, 13, 14, 11, 9, 14]
Na stole:  1. [8], 2. [10]
Wygrał Gracz 2

RUNDA 233.
Gracz 1: [2, 14, 11, 5, 2, 12, 9, 3, 2, 12, 13, 4, 12, 4, 6, 3, 11, 8, 6, 7, 2, 8, 4]
Gracz 2: [7, 13, 6, 14, 10, 10, 9, 3, 9, 7, 12, 4, 5, 5, 3, 5, 13, 7, 10, 6, 8, 11, 13, 14, 11, 9, 14, 8, 10]
Na stole:  1. [2], 2. [7]
Wygrał Gracz 2

RUNDA 234.
Gracz 1: [14, 11, 5, 2, 12, 9, 3, 2, 12, 13, 4, 12, 4, 6, 3, 11, 8, 6, 7, 2, 8, 4]
Gracz 2: [13, 6, 14, 10, 10, 9, 3, 9, 7, 12, 4, 5, 5, 3, 5, 13, 7, 10, 6, 8, 11, 13, 14, 11, 9, 14, 8, 10, 2, 7]
Na stole:  1. [14], 2. [13]
Wygrał Gracz 1

RUNDA 235.
Gracz 1: [11, 5, 2, 12, 9, 3, 2, 12, 13, 4, 12, 4, 6, 3, 11, 8, 6, 7, 2, 8, 4, 14, 13]
Gracz 2: [6, 14, 10, 10, 9, 3, 9, 7, 12, 4, 5, 5, 3, 5, 13, 7, 10, 6, 8, 11, 13, 14, 11, 9, 14, 8, 10, 2, 7]
Na stole:  1. [11], 2. [6]
Wygrał Gracz 1

RUNDA 236.
Gracz 1: [5, 2, 12, 9, 3, 2, 12, 13, 4, 12, 4, 6, 3, 11, 8, 6, 7, 2, 8, 4, 14, 13, 11, 6]
Gracz 2: [14, 10, 10, 9, 3, 9, 7, 12, 4, 5, 5, 3, 5, 13, 7, 10, 6, 8, 11, 13, 14, 11, 9, 14, 8, 10, 2, 7]
Na stole:  1. [5], 2. [14]
Wygrał Gracz 2

RUNDA 237.
Gracz 1: [2, 12, 9, 3, 2, 12, 13, 4, 12, 4, 6, 3, 11, 8, 6, 7, 2, 8, 4, 14, 13, 11, 6]
Gracz 2: [10, 10, 9, 3, 9, 7, 12, 4, 5, 5, 3, 5, 13, 7, 10, 6, 8, 11, 13, 14, 11, 9, 14, 8, 10, 2, 7, 5, 14]
Na stole:  1. [2], 2. [10]
Wygrał Gracz 2

RUNDA 238.
Gracz 1: [12, 9, 3, 2, 12, 13, 4, 12, 4, 6, 3, 11, 8, 6, 7, 2, 8, 4, 14, 13, 11, 6]
Gracz 2: [10, 9, 3, 9, 7, 12, 4, 5, 5, 3, 5, 13, 7, 10, 6, 8, 11, 13, 14, 11, 9, 14, 8, 10, 2, 7, 5, 14, 2, 10]
Na stole:  1. [12], 2. [10]
Wygrał Gracz 1

RUNDA 239.
Gracz 1: [9, 3, 2, 12, 13, 4, 12, 4, 6, 3, 11, 8, 6, 7, 2, 8, 4, 14, 13, 11, 6, 12, 10]
Gracz 2: [9, 3, 9, 7, 12, 4, 5, 5, 3, 5, 13, 7, 10, 6, 8, 11, 13, 14, 11, 9, 14, 8, 10, 2, 7, 5, 14, 2, 10]
Na stole:  1. [9], 2. [9]
WOJNA!
Na stole:  1. [9, 3, 2], 2. [9, 3, 9]
Wygrał Gracz 2

tasowanie
RUNDA 240.
Gracz 1: [10, 12, 4, 13, 11, 4, 12, 2, 6, 3, 7, 6, 8, 8, 6, 4, 12, 11, 14, 13]
Gracz 2: [11, 7, 3, 5, 12, 3, 13, 9, 9, 4, 11, 6, 5, 14, 8, 10, 8, 2, 7, 2, 9, 9, 13, 5, 3, 14, 5, 7, 10, 10, 2, 14]
Na stole:  1. [10], 2. [11]
Wygrał Gracz 2

RUNDA 241.
Gracz 1: [12, 4, 13, 11, 4, 12, 2, 6, 3, 7, 6, 8, 8, 6, 4, 12, 11, 14, 13]
Gracz 2: [7, 3, 5, 12, 3, 13, 9, 9, 4, 11, 6, 5, 14, 8, 10, 8, 2, 7, 2, 9, 9, 13, 5, 3, 14, 5, 7, 10, 10, 2, 14, 10, 11]
Na stole:  1. [12], 2. [7]
Wygrał Gracz 1

RUNDA 242.
Gracz 1: [4, 13, 11, 4, 12, 2, 6, 3, 7, 6, 8, 8, 6, 4, 12, 11, 14, 13, 12, 7]
Gracz 2: [3, 5, 12, 3, 13, 9, 9, 4, 11, 6, 5, 14, 8, 10, 8, 2, 7, 2, 9, 9, 13, 5, 3, 14, 5, 7, 10, 10, 2, 14, 10, 11]
Na stole:  1. [4], 2. [3]
Wygrał Gracz 1

RUNDA 243.
Gracz 1: [13, 11, 4, 12, 2, 6, 3, 7, 6, 8, 8, 6, 4, 12, 11, 14, 13, 12, 7, 4, 3]
Gracz 2: [5, 12, 3, 13, 9, 9, 4, 11, 6, 5, 14, 8, 10, 8, 2, 7, 2, 9, 9, 13, 5, 3, 14, 5, 7, 10, 10, 2, 14, 10, 11]
Na stole:  1. [13], 2. [5]
Wygrał Gracz 1

RUNDA 244.
Gracz 1: [11, 4, 12, 2, 6, 3, 7, 6, 8, 8, 6, 4, 12, 11, 14, 13, 12, 7, 4, 3, 13, 5]
Gracz 2: [12, 3, 13, 9, 9, 4, 11, 6, 5, 14, 8, 10, 8, 2, 7, 2, 9, 9, 13, 5, 3, 14, 5, 7, 10, 10, 2, 14, 10, 11]
Na stole:  1. [11], 2. [12]
Wygrał Gracz 2

RUNDA 245.
Gracz 1: [4, 12, 2, 6, 3, 7, 6, 8, 8, 6, 4, 12, 11, 14, 13, 12, 7, 4, 3, 13, 5]
Gracz 2: [3, 13, 9, 9, 4, 11, 6, 5, 14, 8, 10, 8, 2, 7, 2, 9, 9, 13, 5, 3, 14, 5, 7, 10, 10, 2, 14, 10, 11, 11, 12]
Na stole:  1. [4], 2. [3]
Wygrał Gracz 1

RUNDA 246.
Gracz 1: [12, 2, 6, 3, 7, 6, 8, 8, 6, 4, 12, 11, 14, 13, 12, 7, 4, 3, 13, 5, 4, 3]
Gracz 2: [13, 9, 9, 4, 11, 6, 5, 14, 8, 10, 8, 2, 7, 2, 9, 9, 13, 5, 3, 14, 5, 7, 10, 10, 2, 14, 10, 11, 11, 12]
Na stole:  1. [12], 2. [13]
Wygrał Gracz 2

RUNDA 247.
Gracz 1: [2, 6, 3, 7, 6, 8, 8, 6, 4, 12, 11, 14, 13, 12, 7, 4, 3, 13, 5, 4, 3]
Gracz 2: [9, 9, 4, 11, 6, 5, 14, 8, 10, 8, 2, 7, 2, 9, 9, 13, 5, 3, 14, 5, 7, 10, 10, 2, 14, 10, 11, 11, 12, 12, 13]
Na stole:  1. [2], 2. [9]
Wygrał Gracz 2

RUNDA 248.
Gracz 1: [6, 3, 7, 6, 8, 8, 6, 4, 12, 11, 14, 13, 12, 7, 4, 3, 13, 5, 4, 3]
Gracz 2: [9, 4, 11, 6, 5, 14, 8, 10, 8, 2, 7, 2, 9, 9, 13, 5, 3, 14, 5, 7, 10, 10, 2, 14, 10, 11, 11, 12, 12, 13, 2, 9]
Na stole:  1. [6], 2. [9]
Wygrał Gracz 2

RUNDA 249.
Gracz 1: [3, 7, 6, 8, 8, 6, 4, 12, 11, 14, 13, 12, 7, 4, 3, 13, 5, 4, 3]
Gracz 2: [4, 11, 6, 5, 14, 8, 10, 8, 2, 7, 2, 9, 9, 13, 5, 3, 14, 5, 7, 10, 10, 2, 14, 10, 11, 11, 12, 12, 13, 2, 9, 6, 9]
Na stole:  1. [3], 2. [4]
Wygrał Gracz 2

tasowanie
RUNDA 250.
Gracz 1: [4, 12, 11, 5, 3, 3, 12, 7, 6, 8, 4, 13, 13, 14, 6, 7, 8, 4]
Gracz 2: [2, 13, 14, 8, 8, 14, 9, 13, 9, 2, 5, 11, 2, 6, 14, 5, 10, 3, 5, 11, 11, 10, 12, 2, 12, 4, 9, 9, 7, 10, 3, 10, 7, 6]
Na stole:  1. [4], 2. [2]
Wygrał Gracz 1

RUNDA 251.
Gracz 1: [12, 11, 5, 3, 3, 12, 7, 6, 8, 4, 13, 13, 14, 6, 7, 8, 4, 4, 2]
Gracz 2: [13, 14, 8, 8, 14, 9, 13, 9, 2, 5, 11, 2, 6, 14, 5, 10, 3, 5, 11, 11, 10, 12, 2, 12, 4, 9, 9, 7, 10, 3, 10, 7, 6]
Na stole:  1. [12], 2. [13]
Wygrał Gracz 2

RUNDA 252.
Gracz 1: [11, 5, 3, 3, 12, 7, 6, 8, 4, 13, 13, 14, 6, 7, 8, 4, 4, 2]
Gracz 2: [14, 8, 8, 14, 9, 13, 9, 2, 5, 11, 2, 6, 14, 5, 10, 3, 5, 11, 11, 10, 12, 2, 12, 4, 9, 9, 7, 10, 3, 10, 7, 6, 12, 13]
Na stole:  1. [11], 2. [14]
Wygrał Gracz 2

RUNDA 253.
Gracz 1: [5, 3, 3, 12, 7, 6, 8, 4, 13, 13, 14, 6, 7, 8, 4, 4, 2]
Gracz 2: [8, 8, 14, 9, 13, 9, 2, 5, 11, 2, 6, 14, 5, 10, 3, 5, 11, 11, 10, 12, 2, 12, 4, 9, 9, 7, 10, 3, 10, 7, 6, 12, 13, 11, 14]
Na stole:  1. [5], 2. [8]
Wygrał Gracz 2

RUNDA 254.
Gracz 1: [3, 3, 12, 7, 6, 8, 4, 13, 13, 14, 6, 7, 8, 4, 4, 2]
Gracz 2: [8, 14, 9, 13, 9, 2, 5, 11, 2, 6, 14, 5, 10, 3, 5, 11, 11, 10, 12, 2, 12, 4, 9, 9, 7, 10, 3, 10, 7, 6, 12, 13, 11, 14, 5, 8]
Na stole:  1. [3], 2. [8]
Wygrał Gracz 2

RUNDA 255.
Gracz 1: [3, 12, 7, 6, 8, 4, 13, 13, 14, 6, 7, 8, 4, 4, 2]
Gracz 2: [14, 9, 13, 9, 2, 5, 11, 2, 6, 14, 5, 10, 3, 5, 11, 11, 10, 12, 2, 12, 4, 9, 9, 7, 10, 3, 10, 7, 6, 12, 13, 11, 14, 5, 8, 3, 8]
Na stole:  1. [3], 2. [14]
Wygrał Gracz 2

RUNDA 256.
Gracz 1: [12, 7, 6, 8, 4, 13, 13, 14, 6, 7, 8, 4, 4, 2]
Gracz 2: [9, 13, 9, 2, 5, 11, 2, 6, 14, 5, 10, 3, 5, 11, 11, 10, 12, 2, 12, 4, 9, 9, 7, 10, 3, 10, 7, 6, 12, 13, 11, 14, 5, 8, 3, 8, 3, 14]
Na stole:  1. [12], 2. [9]
Wygrał Gracz 1

RUNDA 257.
Gracz 1: [7, 6, 8, 4, 13, 13, 14, 6, 7, 8, 4, 4, 2, 12, 9]
Gracz 2: [13, 9, 2, 5, 11, 2, 6, 14, 5, 10, 3, 5, 11, 11, 10, 12, 2, 12, 4, 9, 9, 7, 10, 3, 10, 7, 6, 12, 13, 11, 14, 5, 8, 3, 8, 3, 14]
Na stole:  1. [7], 2. [13]
Wygrał Gracz 2

RUNDA 258.
Gracz 1: [6, 8, 4, 13, 13, 14, 6, 7, 8, 4, 4, 2, 12, 9]
Gracz 2: [9, 2, 5, 11, 2, 6, 14, 5, 10, 3, 5, 11, 11, 10, 12, 2, 12, 4, 9, 9, 7, 10, 3, 10, 7, 6, 12, 13, 11, 14, 5, 8, 3, 8, 3, 14, 7, 13]
Na stole:  1. [6], 2. [9]
Wygrał Gracz 2

RUNDA 259.
Gracz 1: [8, 4, 13, 13, 14, 6, 7, 8, 4, 4, 2, 12, 9]
Gracz 2: [2, 5, 11, 2, 6, 14, 5, 10, 3, 5, 11, 11, 10, 12, 2, 12, 4, 9, 9, 7, 10, 3, 10, 7, 6, 12, 13, 11, 14, 5, 8, 3, 8, 3, 14, 7, 13, 6, 9]
Na stole:  1. [8], 2. [2]
Wygrał Gracz 1

tasowanie
RUNDA 260.
Gracz 1: [8, 4, 13, 2, 8, 4, 9, 14, 12, 13, 4, 6, 2, 7]
Gracz 2: [12, 10, 8, 12, 2, 14, 5, 9, 13, 11, 14, 11, 7, 7, 13, 10, 3, 10, 3, 9, 2, 3, 9, 8, 6, 6, 5, 14, 12, 11, 3, 7, 4, 5, 5, 11, 6, 10]
Na stole:  1. [8], 2. [12]
Wygrał Gracz 2

RUNDA 261.
Gracz 1: [4, 13, 2, 8, 4, 9, 14, 12, 13, 4, 6, 2, 7]
Gracz 2: [10, 8, 12, 2, 14, 5, 9, 13, 11, 14, 11, 7, 7, 13, 10, 3, 10, 3, 9, 2, 3, 9, 8, 6, 6, 5, 14, 12, 11, 3, 7, 4, 5, 5, 11, 6, 10, 8, 12]
Na stole:  1. [4], 2. [10]
Wygrał Gracz 2

RUNDA 262.
Gracz 1: [13, 2, 8, 4, 9, 14, 12, 13, 4, 6, 2, 7]
Gracz 2: [8, 12, 2, 14, 5, 9, 13, 11, 14, 11, 7, 7, 13, 10, 3, 10, 3, 9, 2, 3, 9, 8, 6, 6, 5, 14, 12, 11, 3, 7, 4, 5, 5, 11, 6, 10, 8, 12, 4, 10]
Na stole:  1. [13], 2. [8]
Wygrał Gracz 1

RUNDA 263.
Gracz 1: [2, 8, 4, 9, 14, 12, 13, 4, 6, 2, 7, 13, 8]
Gracz 2: [12, 2, 14, 5, 9, 13, 11, 14, 11, 7, 7, 13, 10, 3, 10, 3, 9, 2, 3, 9, 8, 6, 6, 5, 14, 12, 11, 3, 7, 4, 5, 5, 11, 6, 10, 8, 12, 4, 10]
Na stole:  1. [2], 2. [12]
Wygrał Gracz 2

RUNDA 264.
Gracz 1: [8, 4, 9, 14, 12, 13, 4, 6, 2, 7, 13, 8]
Gracz 2: [2, 14, 5, 9, 13, 11, 14, 11, 7, 7, 13, 10, 3, 10, 3, 9, 2, 3, 9, 8, 6, 6, 5, 14, 12, 11, 3, 7, 4, 5, 5, 11, 6, 10, 8, 12, 4, 10, 2, 12]
Na stole:  1. [8], 2. [2]
Wygrał Gracz 1

RUNDA 265.
Gracz 1: [4, 9, 14, 12, 13, 4, 6, 2, 7, 13, 8, 8, 2]
Gracz 2: [14, 5, 9, 13, 11, 14, 11, 7, 7, 13, 10, 3, 10, 3, 9, 2, 3, 9, 8, 6, 6, 5, 14, 12, 11, 3, 7, 4, 5, 5, 11, 6, 10, 8, 12, 4, 10, 2, 12]
Na stole:  1. [4], 2. [14]
Wygrał Gracz 2

RUNDA 266.
Gracz 1: [9, 14, 12, 13, 4, 6, 2, 7, 13, 8, 8, 2]
Gracz 2: [5, 9, 13, 11, 14, 11, 7, 7, 13, 10, 3, 10, 3, 9, 2, 3, 9, 8, 6, 6, 5, 14, 12, 11, 3, 7, 4, 5, 5, 11, 6, 10, 8, 12, 4, 10, 2, 12, 4, 14]
Na stole:  1. [9], 2. [5]
Wygrał Gracz 1

RUNDA 267.
Gracz 1: [14, 12, 13, 4, 6, 2, 7, 13, 8, 8, 2, 9, 5]
Gracz 2: [9, 13, 11, 14, 11, 7, 7, 13, 10, 3, 10, 3, 9, 2, 3, 9, 8, 6, 6, 5, 14, 12, 11, 3, 7, 4, 5, 5, 11, 6, 10, 8, 12, 4, 10, 2, 12, 4, 14]
Na stole:  1. [14], 2. [9]
Wygrał Gracz 1

RUNDA 268.
Gracz 1: [12, 13, 4, 6, 2, 7, 13, 8, 8, 2, 9, 5, 14, 9]
Gracz 2: [13, 11, 14, 11, 7, 7, 13, 10, 3, 10, 3, 9, 2, 3, 9, 8, 6, 6, 5, 14, 12, 11, 3, 7, 4, 5, 5, 11, 6, 10, 8, 12, 4, 10, 2, 12, 4, 14]
Na stole:  1. [12], 2. [13]
Wygrał Gracz 2

RUNDA 269.
Gracz 1: [13, 4, 6, 2, 7, 13, 8, 8, 2, 9, 5, 14, 9]
Gracz 2: [11, 14, 11, 7, 7, 13, 10, 3, 10, 3, 9, 2, 3, 9, 8, 6, 6, 5, 14, 12, 11, 3, 7, 4, 5, 5, 11, 6, 10, 8, 12, 4, 10, 2, 12, 4, 14, 12, 13]
Na stole:  1. [13], 2. [11]
Wygrał Gracz 1

tasowanie
RUNDA 270.
Gracz 1: [2, 5, 6, 8, 4, 8, 11, 7, 14, 9, 13, 2, 9, 13]
Gracz 2: [9, 5, 8, 14, 5, 6, 13, 11, 6, 13, 9, 10, 8, 12, 3, 6, 14, 5, 4, 4, 12, 7, 10, 14, 10, 10, 11, 11, 3, 7, 3, 7, 3, 4, 12, 2, 2, 12]
Na stole:  1. [2], 2. [9]
Wygrał Gracz 2

RUNDA 271.
Gracz 1: [5, 6, 8, 4, 8, 11, 7, 14, 9, 13, 2, 9, 13]
Gracz 2: [5, 8, 14, 5, 6, 13, 11, 6, 13, 9, 10, 8, 12, 3, 6, 14, 5, 4, 4, 12, 7, 10, 14, 10, 10, 11, 11, 3, 7, 3, 7, 3, 4, 12, 2, 2, 12, 2, 9]
Na stole:  1. [5], 2. [5]
WOJNA!
Na stole:  1. [5, 6, 8], 2. [5, 8, 14]
Wygrał Gracz 2

RUNDA 272.
Gracz 1: [4, 8, 11, 7, 14, 9, 13, 2, 9, 13]
Gracz 2: [5, 6, 13, 11, 6, 13, 9, 10, 8, 12, 3, 6, 14, 5, 4, 4, 12, 7, 10, 14, 10, 10, 11, 11, 3, 7, 3, 7, 3, 4, 12, 2, 2, 12, 2, 9, 5, 6, 8, 5, 8, 14]
Na stole:  1. [4], 2. [5]
Wygrał Gracz 2

RUNDA 273.
Gracz 1: [8, 11, 7, 14, 9, 13, 2, 9, 13]
Gracz 2: [6, 13, 11, 6, 13, 9, 10, 8, 12, 3, 6, 14, 5, 4, 4, 12, 7, 10, 14, 10, 10, 11, 11, 3, 7, 3, 7, 3, 4, 12, 2, 2, 12, 2, 9, 5, 6, 8, 5, 8, 14, 4, 5]
Na stole:  1. [8], 2. [6]
Wygrał Gracz 1

RUNDA 274.
Gracz 1: [11, 7, 14, 9, 13, 2, 9, 13, 8, 6]
Gracz 2: [13, 11, 6, 13, 9, 10, 8, 12, 3, 6, 14, 5, 4, 4, 12, 7, 10, 14, 10, 10, 11, 11, 3, 7, 3, 7, 3, 4, 12, 2, 2, 12, 2, 9, 5, 6, 8, 5, 8, 14, 4, 5]
Na stole:  1. [11], 2. [13]
Wygrał Gracz 2

RUNDA 275.
Gracz 1: [7, 14, 9, 13, 2, 9, 13, 8, 6]
Gracz 2: [11, 6, 13, 9, 10, 8, 12, 3, 6, 14, 5, 4, 4, 12, 7, 10, 14, 10, 10, 11, 11, 3, 7, 3, 7, 3, 4, 12, 2, 2, 12, 2, 9, 5, 6, 8, 5, 8, 14, 4, 5, 11, 13]
Na stole:  1. [7], 2. [11]
Wygrał Gracz 2

RUNDA 276.
Gracz 1: [14, 9, 13, 2, 9, 13, 8, 6]
Gracz 2: [6, 13, 9, 10, 8, 12, 3, 6, 14, 5, 4, 4, 12, 7, 10, 14, 10, 10, 11, 11, 3, 7, 3, 7, 3, 4, 12, 2, 2, 12, 2, 9, 5, 6, 8, 5, 8, 14, 4, 5, 11, 13, 7, 11]
Na stole:  1. [14], 2. [6]
Wygrał Gracz 1

RUNDA 277.
Gracz 1: [9, 13, 2, 9, 13, 8, 6, 14, 6]
Gracz 2: [13, 9, 10, 8, 12, 3, 6, 14, 5, 4, 4, 12, 7, 10, 14, 10, 10, 11, 11, 3, 7, 3, 7, 3, 4, 12, 2, 2, 12, 2, 9, 5, 6, 8, 5, 8, 14, 4, 5, 11, 13, 7, 11]
Na stole:  1. [9], 2. [13]
Wygrał Gracz 2

RUNDA 278.
Gracz 1: [13, 2, 9, 13, 8, 6, 14, 6]
Gracz 2: [9, 10, 8, 12, 3, 6, 14, 5, 4, 4, 12, 7, 10, 14, 10, 10, 11, 11, 3, 7, 3, 7, 3, 4, 12, 2, 2, 12, 2, 9, 5, 6, 8, 5, 8, 14, 4, 5, 11, 13, 7, 11, 9, 13]
Na stole:  1. [13], 2. [9]
Wygrał Gracz 1

RUNDA 279.
Gracz 1: [2, 9, 13, 8, 6, 14, 6, 13, 9]
Gracz 2: [10, 8, 12, 3, 6, 14, 5, 4, 4, 12, 7, 10, 14, 10, 10, 11, 11, 3, 7, 3, 7, 3, 4, 12, 2, 2, 12, 2, 9, 5, 6, 8, 5, 8, 14, 4, 5, 11, 13, 7, 11, 9, 13]
Na stole:  1. [2], 2. [10]
Wygrał Gracz 2

tasowanie
RUNDA 280.
Gracz 1: [9, 6, 9, 14, 8, 13, 6, 13]
Gracz 2: [5, 12, 12, 3, 8, 10, 2, 11, 4, 3, 5, 14, 6, 6, 10, 12, 13, 7, 3, 10, 5, 11, 10, 9, 7, 2, 5, 8, 4, 4, 4, 13, 14, 2, 7, 9, 7, 3, 11, 12, 14, 11, 8, 2]
Na stole:  1. [9], 2. [5]
Wygrał Gracz 1

RUNDA 281.
Gracz 1: [6, 9, 14, 8, 13, 6, 13, 9, 5]
Gracz 2: [12, 12, 3, 8, 10, 2, 11, 4, 3, 5, 14, 6, 6, 10, 12, 13, 7, 3, 10, 5, 11, 10, 9, 7, 2, 5, 8, 4, 4, 4, 13, 14, 2, 7, 9, 7, 3, 11, 12, 14, 11, 8, 2]
Na stole:  1. [6], 2. [12]
Wygrał Gracz 2

RUNDA 282.
Gracz 1: [9, 14, 8, 13, 6, 13, 9, 5]
Gracz 2: [12, 3, 8, 10, 2, 11, 4, 3, 5, 14, 6, 6, 10, 12, 13, 7, 3, 10, 5, 11, 10, 9, 7, 2, 5, 8, 4, 4, 4, 13, 14, 2, 7, 9, 7, 3, 11, 12, 14, 11, 8, 2, 6, 12]
Na stole:  1. [9], 2. [12]
Wygrał Gracz 2

RUNDA 283.
Gracz 1: [14, 8, 13, 6, 13, 9, 5]
Gracz 2: [3, 8, 10, 2, 11, 4, 3, 5, 14, 6, 6, 10, 12, 13, 7, 3, 10, 5, 11, 10, 9, 7, 2, 5, 8, 4, 4, 4, 13, 14, 2, 7, 9, 7, 3, 11, 12, 14, 11, 8, 2, 6, 12, 9, 12]
Na stole:  1. [14], 2. [3]
Wygrał Gracz 1

RUNDA 284.
Gracz 1: [8, 13, 6, 13, 9, 5, 14, 3]
Gracz 2: [8, 10, 2, 11, 4, 3, 5, 14, 6, 6, 10, 12, 13, 7, 3, 10, 5, 11, 10, 9, 7, 2, 5, 8, 4, 4, 4, 13, 14, 2, 7, 9, 7, 3, 11, 12, 14, 11, 8, 2, 6, 12, 9, 12]
Na stole:  1. [8], 2. [8]
WOJNA!
Na stole:  1. [8, 13, 6], 2. [8, 10, 2]
Wygrał Gracz 1

RUNDA 285.
Gracz 1: [13, 9, 5, 14, 3, 8, 13, 6, 8, 10, 2]
Gracz 2: [11, 4, 3, 5, 14, 6, 6, 10, 12, 13, 7, 3, 10, 5, 11, 10, 9, 7, 2, 5, 8, 4, 4, 4, 13, 14, 2, 7, 9, 7, 3, 11, 12, 14, 11, 8, 2, 6, 12, 9, 12]
Na stole:  1. [13], 2. [11]
Wygrał Gracz 1

RUNDA 286.
Gracz 1: [9, 5, 14, 3, 8, 13, 6, 8, 10, 2, 13, 11]
Gracz 2: [4, 3, 5, 14, 6, 6, 10, 12, 13, 7, 3, 10, 5, 11, 10, 9, 7, 2, 5, 8, 4, 4, 4, 13, 14, 2, 7, 9, 7, 3, 11, 12, 14, 11, 8, 2, 6, 12, 9, 12]
Na stole:  1. [9], 2. [4]
Wygrał Gracz 1

RUNDA 287.
Gracz 1: [5, 14, 3, 8, 13, 6, 8, 10, 2, 13, 11, 9, 4]
Gracz 2: [3, 5, 14, 6, 6, 10, 12, 13, 7, 3, 10, 5, 11, 10, 9, 7, 2, 5, 8, 4, 4, 4, 13, 14, 2, 7, 9, 7, 3, 11, 12, 14, 11, 8, 2, 6, 12, 9, 12]
Na stole:  1. [5], 2. [3]
Wygrał Gracz 1

RUNDA 288.
Gracz 1: [14, 3, 8, 13, 6, 8, 10, 2, 13, 11, 9, 4, 5, 3]
Gracz 2: [5, 14, 6, 6, 10, 12, 13, 7, 3, 10, 5, 11, 10, 9, 7, 2, 5, 8, 4, 4, 4, 13, 14, 2, 7, 9, 7, 3, 11, 12, 14, 11, 8, 2, 6, 12, 9, 12]
Na stole:  1. [14], 2. [5]
Wygrał Gracz 1

RUNDA 289.
Gracz 1: [3, 8, 13, 6, 8, 10, 2, 13, 11, 9, 4, 5, 3, 14, 5]
Gracz 2: [14, 6, 6, 10, 12, 13, 7, 3, 10, 5, 11, 10, 9, 7, 2, 5, 8, 4, 4, 4, 13, 14, 2, 7, 9, 7, 3, 11, 12, 14, 11, 8, 2, 6, 12, 9, 12]
Na stole:  1. [3], 2. [14]
Wygrał Gracz 2

tasowanie
RUNDA 290.
Gracz 1: [11, 6, 5, 13, 8, 8, 2, 13, 5, 14, 10, 9, 3, 4]
Gracz 2: [12, 7, 7, 6, 10, 3, 2, 13, 13, 10, 5, 12, 6, 11, 9, 14, 4, 9, 11, 12, 7, 3, 14, 14, 2, 8, 8, 4, 12, 7, 9, 10, 5, 3, 4, 11, 6, 2]
Na stole:  1. [11], 2. [12]
Wygrał Gracz 2

RUNDA 291.
Gracz 1: [6, 5, 13, 8, 8, 2, 13, 5, 14, 10, 9, 3, 4]
Gracz 2: [7, 7, 6, 10, 3, 2, 13, 13, 10, 5, 12, 6, 11, 9, 14, 4, 9, 11, 12, 7, 3, 14, 14, 2, 8, 8, 4, 12, 7, 9, 10, 5, 3, 4, 11, 6, 2, 11, 12]
Na stole:  1. [6], 2. [7]
Wygrał Gracz 2

RUNDA 292.
Gracz 1: [5, 13, 8, 8, 2, 13, 5, 14, 10, 9, 3, 4]
Gracz 2: [7, 6, 10, 3, 2, 13, 13, 10, 5, 12, 6, 11, 9, 14, 4, 9, 11, 12, 7, 3, 14, 14, 2, 8, 8, 4, 12, 7, 9, 10, 5, 3, 4, 11, 6, 2, 11, 12, 6, 7]
Na stole:  1. [5], 2. [7]
Wygrał Gracz 2

RUNDA 293.
Gracz 1: [13, 8, 8, 2, 13, 5, 14, 10, 9, 3, 4]
Gracz 2: [6, 10, 3, 2, 13, 13, 10, 5, 12, 6, 11, 9, 14, 4, 9, 11, 12, 7, 3, 14, 14, 2, 8, 8, 4, 12, 7, 9, 10, 5, 3, 4, 11, 6, 2, 11, 12, 6, 7, 5, 7]
Na stole:  1. [13], 2. [6]
Wygrał Gracz 1

RUNDA 294.
Gracz 1: [8, 8, 2, 13, 5, 14, 10, 9, 3, 4, 13, 6]
Gracz 2: [10, 3, 2, 13, 13, 10, 5, 12, 6, 11, 9, 14, 4, 9, 11, 12, 7, 3, 14, 14, 2, 8, 8, 4, 12, 7, 9, 10, 5, 3, 4, 11, 6, 2, 11, 12, 6, 7, 5, 7]
Na stole:  1. [8], 2. [10]
Wygrał Gracz 2

RUNDA 295.
Gracz 1: [8, 2, 13, 5, 14, 10, 9, 3, 4, 13, 6]
Gracz 2: [3, 2, 13, 13, 10, 5, 12, 6, 11, 9, 14, 4, 9, 11, 12, 7, 3, 14, 14, 2, 8, 8, 4, 12, 7, 9, 10, 5, 3, 4, 11, 6, 2, 11, 12, 6, 7, 5, 7, 8, 10]
Na stole:  1. [8], 2. [3]
Wygrał Gracz 1

RUNDA 296.
Gracz 1: [2, 13, 5, 14, 10, 9, 3, 4, 13, 6, 8, 3]
Gracz 2: [2, 13, 13, 10, 5, 12, 6, 11, 9, 14, 4, 9, 11, 12, 7, 3, 14, 14, 2, 8, 8, 4, 12, 7, 9, 10, 5, 3, 4, 11, 6, 2, 11, 12, 6, 7, 5, 7, 8, 10]
Na stole:  1. [2], 2. [2]
WOJNA!
Na stole:  1. [2, 13, 5], 2. [2, 13, 13]
Wygrał Gracz 2

RUNDA 297.
Gracz 1: [14, 10, 9, 3, 4, 13, 6, 8, 3]
Gracz 2: [10, 5, 12, 6, 11, 9, 14, 4, 9, 11, 12, 7, 3, 14, 14, 2, 8, 8, 4, 12, 7, 9, 10, 5, 3, 4, 11, 6, 2, 11, 12, 6, 7, 5, 7, 8, 10, 2, 13, 5, 2, 13, 13]
Na stole:  1. [14], 2. [10]
Wygrał Gracz 1

RUNDA 298.
Gracz 1: [10, 9, 3, 4, 13, 6, 8, 3, 14, 10]
Gracz 2: [5, 12, 6, 11, 9, 14, 4, 9, 11, 12, 7, 3, 14, 14, 2, 8, 8, 4, 12, 7, 9, 10, 5, 3, 4, 11, 6, 2, 11, 12, 6, 7, 5, 7, 8, 10, 2, 13, 5, 2, 13, 13]
Na stole:  1. [10], 2. [5]
Wygrał Gracz 1

RUNDA 299.
Gracz 1: [9, 3, 4, 13, 6, 8, 3, 14, 10, 10, 5]
Gracz 2: [12, 6, 11, 9, 14, 4, 9, 11, 12, 7, 3, 14, 14, 2, 8, 8, 4, 12, 7, 9, 10, 5, 3, 4, 11, 6, 2, 11, 12, 6, 7, 5, 7, 8, 10, 2, 13, 5, 2, 13, 13]
Na stole:  1. [9], 2. [12]
Wygrał Gracz 2

tasowanie
RUNDA 300.
Gracz 1: [14, 6, 8, 3, 13, 3, 5, 10, 4, 10]
Gracz 2: [11, 12, 10, 2, 6, 5, 6, 11, 2, 7, 3, 8, 5, 13, 13, 14, 12, 3, 9, 2, 6, 11, 4, 7, 8, 8, 7, 7, 12, 12, 9, 5, 9, 13, 10, 14, 11, 4, 2, 4, 14, 9]
Na stole:  1. [14], 2. [11]
Wygrał Gracz 1

RUNDA 301.
Gracz 1: [6, 8, 3, 13, 3, 5, 10, 4, 10, 14, 11]
Gracz 2: [12, 10, 2, 6, 5, 6, 11, 2, 7, 3, 8, 5, 13, 13, 14, 12, 3, 9, 2, 6, 11, 4, 7, 8, 8, 7, 7, 12, 12, 9, 5, 9, 13, 10, 14, 11, 4, 2, 4, 14, 9]
Na stole:  1. [6], 2. [12]
Wygrał Gracz 2

RUNDA 302.
Gracz 1: [8, 3, 13, 3, 5, 10, 4, 10, 14, 11]
Gracz 2: [10, 2, 6, 5, 6, 11, 2, 7, 3, 8, 5, 13, 13, 14, 12, 3, 9, 2, 6, 11, 4, 7, 8, 8, 7, 7, 12, 12, 9, 5, 9, 13, 10, 14, 11, 4, 2, 4, 14, 9, 6, 12]
Na stole:  1. [8], 2. [10]
Wygrał Gracz 2

RUNDA 303.
Gracz 1: [3, 13, 3, 5, 10, 4, 10, 14, 11]
Gracz 2: [2, 6, 5, 6, 11, 2, 7, 3, 8, 5, 13, 13, 14, 12, 3, 9, 2, 6, 11, 4, 7, 8, 8, 7, 7, 12, 12, 9, 5, 9, 13, 10, 14, 11, 4, 2, 4, 14, 9, 6, 12, 8, 10]
Na stole:  1. [3], 2. [2]
Wygrał Gracz 1

RUNDA 304.
Gracz 1: [13, 3, 5, 10, 4, 10, 14, 11, 3, 2]
Gracz 2: [6, 5, 6, 11, 2, 7, 3, 8, 5, 13, 13, 14, 12, 3, 9, 2, 6, 11, 4, 7, 8, 8, 7, 7, 12, 12, 9, 5, 9, 13, 10, 14, 11, 4, 2, 4, 14, 9, 6, 12, 8, 10]
Na stole:  1. [13], 2. [6]
Wygrał Gracz 1

RUNDA 305.
Gracz 1: [3, 5, 10, 4, 10, 14, 11, 3, 2, 13, 6]
Gracz 2: [5, 6, 11, 2, 7, 3, 8, 5, 13, 13, 14, 12, 3, 9, 2, 6, 11, 4, 7, 8, 8, 7, 7, 12, 12, 9, 5, 9, 13, 10, 14, 11, 4, 2, 4, 14, 9, 6, 12, 8, 10]
Na stole:  1. [3], 2. [5]
Wygrał Gracz 2

RUNDA 306.
Gracz 1: [5, 10, 4, 10, 14, 11, 3, 2, 13, 6]
Gracz 2: [6, 11, 2, 7, 3, 8, 5, 13, 13, 14, 12, 3, 9, 2, 6, 11, 4, 7, 8, 8, 7, 7, 12, 12, 9, 5, 9, 13, 10, 14, 11, 4, 2, 4, 14, 9, 6, 12, 8, 10, 3, 5]
Na stole:  1. [5], 2. [6]
Wygrał Gracz 2

RUNDA 307.
Gracz 1: [10, 4, 10, 14, 11, 3, 2, 13, 6]
Gracz 2: [11, 2, 7, 3, 8, 5, 13, 13, 14, 12, 3, 9, 2, 6, 11, 4, 7, 8, 8, 7, 7, 12, 12, 9, 5, 9, 13, 10, 14, 11, 4, 2, 4, 14, 9, 6, 12, 8, 10, 3, 5, 5, 6]
Na stole:  1. [10], 2. [11]
Wygrał Gracz 2

RUNDA 308.
Gracz 1: [4, 10, 14, 11, 3, 2, 13, 6]
Gracz 2: [2, 7, 3, 8, 5, 13, 13, 14, 12, 3, 9, 2, 6, 11, 4, 7, 8, 8, 7, 7, 12, 12, 9, 5, 9, 13, 10, 14, 11, 4, 2, 4, 14, 9, 6, 12, 8, 10, 3, 5, 5, 6, 10, 11]
Na stole:  1. [4], 2. [2]
Wygrał Gracz 1

RUNDA 309.
Gracz 1: [10, 14, 11, 3, 2, 13, 6, 4, 2]
Gracz 2: [7, 3, 8, 5, 13, 13, 14, 12, 3, 9, 2, 6, 11, 4, 7, 8, 8, 7, 7, 12, 12, 9, 5, 9, 13, 10, 14, 11, 4, 2, 4, 14, 9, 6, 12, 8, 10, 3, 5, 5, 6, 10, 11]
Na stole:  1. [10], 2. [7]
Wygrał Gracz 1

tasowanie
RUNDA 310.
Gracz 1: [4, 6, 3, 11, 13, 14, 10, 7, 2, 2]
Gracz 2: [8, 5, 14, 14, 14, 8, 12, 13, 9, 8, 8, 5, 10, 12, 9, 11, 9, 4, 7, 12, 4, 9, 13, 6, 10, 13, 5, 3, 6, 5, 10, 11, 6, 2, 12, 4, 2, 11, 3, 7, 3, 7]
Na stole:  1. [4], 2. [8]
Wygrał Gracz 2

RUNDA 311.
Gracz 1: [6, 3, 11, 13, 14, 10, 7, 2, 2]
Gracz 2: [5, 14, 14, 14, 8, 12, 13, 9, 8, 8, 5, 10, 12, 9, 11, 9, 4, 7, 12, 4, 9, 13, 6, 10, 13, 5, 3, 6, 5, 10, 11, 6, 2, 12, 4, 2, 11, 3, 7, 3, 7, 4, 8]
Na stole:  1. [6], 2. [5]
Wygrał Gracz 1

RUNDA 312.
Gracz 1: [3, 11, 13, 14, 10, 7, 2, 2, 6, 5]
Gracz 2: [14, 14, 14, 8, 12, 13, 9, 8, 8, 5, 10, 12, 9, 11, 9, 4, 7, 12, 4, 9, 13, 6, 10, 13, 5, 3, 6, 5, 10, 11, 6, 2, 12, 4, 2, 11, 3, 7, 3, 7, 4, 8]
Na stole:  1. [3], 2. [14]
Wygrał Gracz 2

RUNDA 313.
Gracz 1: [11, 13, 14, 10, 7, 2, 2, 6, 5]
Gracz 2: [14, 14, 8, 12, 13, 9, 8, 8, 5, 10, 12, 9, 11, 9, 4, 7, 12, 4, 9, 13, 6, 10, 13, 5, 3, 6, 5, 10, 11, 6, 2, 12, 4, 2, 11, 3, 7, 3, 7, 4, 8, 3, 14]
Na stole:  1. [11], 2. [14]
Wygrał Gracz 2

RUNDA 314.
Gracz 1: [13, 14, 10, 7, 2, 2, 6, 5]
Gracz 2: [14, 8, 12, 13, 9, 8, 8, 5, 10, 12, 9, 11, 9, 4, 7, 12, 4, 9, 13, 6, 10, 13, 5, 3, 6, 5, 10, 11, 6, 2, 12, 4, 2, 11, 3, 7, 3, 7, 4, 8, 3, 14, 11, 14]
Na stole:  1. [13], 2. [14]
Wygrał Gracz 2

RUNDA 315.
Gracz 1: [14, 10, 7, 2, 2, 6, 5]
Gracz 2: [8, 12, 13, 9, 8, 8, 5, 10, 12, 9, 11, 9, 4, 7, 12, 4, 9, 13, 6, 10, 13, 5, 3, 6, 5, 10, 11, 6, 2, 12, 4, 2, 11, 3, 7, 3, 7, 4, 8, 3, 14, 11, 14, 13, 14]
Na stole:  1. [14], 2. [8]
Wygrał Gracz 1

RUNDA 316.
Gracz 1: [10, 7, 2, 2, 6, 5, 14, 8]
Gracz 2: [12, 13, 9, 8, 8, 5, 10, 12, 9, 11, 9, 4, 7, 12, 4, 9, 13, 6, 10, 13, 5, 3, 6, 5, 10, 11, 6, 2, 12, 4, 2, 11, 3, 7, 3, 7, 4, 8, 3, 14, 11, 14, 13, 14]
Na stole:  1. [10], 2. [12]
Wygrał Gracz 2

RUNDA 317.
Gracz 1: [7, 2, 2, 6, 5, 14, 8]
Gracz 2: [13, 9, 8, 8, 5, 10, 12, 9, 11, 9, 4, 7, 12, 4, 9, 13, 6, 10, 13, 5, 3, 6, 5, 10, 11, 6, 2, 12, 4, 2, 11, 3, 7, 3, 7, 4, 8, 3, 14, 11, 14, 13, 14, 10, 12]
Na stole:  1. [7], 2. [13]
Wygrał Gracz 2

RUNDA 318.
Gracz 1: [2, 2, 6, 5, 14, 8]
Gracz 2: [9, 8, 8, 5, 10, 12, 9, 11, 9, 4, 7, 12, 4, 9, 13, 6, 10, 13, 5, 3, 6, 5, 10, 11, 6, 2, 12, 4, 2, 11, 3, 7, 3, 7, 4, 8, 3, 14, 11, 14, 13, 14, 10, 12, 7, 13]
Na stole:  1. [2], 2. [9]
Wygrał Gracz 2

RUNDA 319.
Gracz 1: [2, 6, 5, 14, 8]
Gracz 2: [8, 8, 5, 10, 12, 9, 11, 9, 4, 7, 12, 4, 9, 13, 6, 10, 13, 5, 3, 6, 5, 10, 11, 6, 2, 12, 4, 2, 11, 3, 7, 3, 7, 4, 8, 3, 14, 11, 14, 13, 14, 10, 12, 7, 13, 2, 9]
Na stole:  1. [2], 2. [8]
Wygrał Gracz 2

tasowanie
RUNDA 320.
Gracz 1: [6, 5, 8, 14]
Gracz 2: [4, 6, 13, 7, 9, 3, 14, 7, 12, 3, 9, 8, 4, 10, 8, 11, 2, 11, 10, 5, 12, 7, 13, 12, 4, 6, 8, 4, 3, 12, 11, 7, 9, 13, 3, 5, 5, 6, 2, 14, 10, 2, 14, 9, 13, 2, 10, 11]
Na stole:  1. [6], 2. [4]
Wygrał Gracz 1

RUNDA 321.
Gracz 1: [5, 8, 14, 6, 4]
Gracz 2: [6, 13, 7, 9, 3, 14, 7, 12, 3, 9, 8, 4, 10, 8, 11, 2, 11, 10, 5, 12, 7, 13, 12, 4, 6, 8, 4, 3, 12, 11, 7, 9, 13, 3, 5, 5, 6, 2, 14, 10, 2, 14, 9, 13, 2, 10, 11]
Na stole:  1. [5], 2. [6]
Wygrał Gracz 2

RUNDA 322.
Gracz 1: [8, 14, 6, 4]
Gracz 2: [13, 7, 9, 3, 14, 7, 12, 3, 9, 8, 4, 10, 8, 11, 2, 11, 10, 5, 12, 7, 13, 12, 4, 6, 8, 4, 3, 12, 11, 7, 9, 13, 3, 5, 5, 6, 2, 14, 10, 2, 14, 9, 13, 2, 10, 11, 5, 6]
Na stole:  1. [8], 2. [13]
Wygrał Gracz 2

RUNDA 323.
Gracz 1: [14, 6, 4]
Gracz 2: [7, 9, 3, 14, 7, 12, 3, 9, 8, 4, 10, 8, 11, 2, 11, 10, 5, 12, 7, 13, 12, 4, 6, 8, 4, 3, 12, 11, 7, 9, 13, 3, 5, 5, 6, 2, 14, 10, 2, 14, 9, 13, 2, 10, 11, 5, 6, 8, 13]
Na stole:  1. [14], 2. [7]
Wygrał Gracz 1

RUNDA 324.
Gracz 1: [6, 4, 14, 7]
Gracz 2: [9, 3, 14, 7, 12, 3, 9, 8, 4, 10, 8, 11, 2, 11, 10, 5, 12, 7, 13, 12, 4, 6, 8, 4, 3, 12, 11, 7, 9, 13, 3, 5, 5, 6, 2, 14, 10, 2, 14, 9, 13, 2, 10, 11, 5, 6, 8, 13]
Na stole:  1. [6], 2. [9]
Wygrał Gracz 2

RUNDA 325.
Gracz 1: [4, 14, 7]
Gracz 2: [3, 14, 7, 12, 3, 9, 8, 4, 10, 8, 11, 2, 11, 10, 5, 12, 7, 13, 12, 4, 6, 8, 4, 3, 12, 11, 7, 9, 13, 3, 5, 5, 6, 2, 14, 10, 2, 14, 9, 13, 2, 10, 11, 5, 6, 8, 13, 6, 9]
Na stole:  1. [4], 2. [3]
Wygrał Gracz 1

RUNDA 326.
Gracz 1: [14, 7, 4, 3]
Gracz 2: [14, 7, 12, 3, 9, 8, 4, 10, 8, 11, 2, 11, 10, 5, 12, 7, 13, 12, 4, 6, 8, 4, 3, 12, 11, 7, 9, 13, 3, 5, 5, 6, 2, 14, 10, 2, 14, 9, 13, 2, 10, 11, 5, 6, 8, 13, 6, 9]
Na stole:  1. [14], 2. [14]
WOJNA!
Na stole:  1. [14, 7, 4], 2. [14, 7, 12]
Wygrał Gracz 2

RUNDA 327.
Gracz 1: [3]
Gracz 2: [3, 9, 8, 4, 10, 8, 11, 2, 11, 10, 5, 12, 7, 13, 12, 4, 6, 8, 4, 3, 12, 11, 7, 9, 13, 3, 5, 5, 6, 2, 14, 10, 2, 14, 9, 13, 2, 10, 11, 5, 6, 8, 13, 6, 9, 14, 7, 4, 14, 7, 12]
Na stole:  1. [3], 2. [3]
Gracz 1 nie ma już kart do gry!
